[-150, 0, 50]
[-147.6771808737235, -1.8985550575645793, 50.0]
[-145.17614951865093, -3.5553115758689207, 50.0]
[-142.52197908871355, -4.953660362418988, 50.0]
[-139.741277976331, -6.079582794735854, 50.0]
[-136.86192305993023, -6.921791358809408, 50.0]
[-133.91278023473296, -7.471842807846124, 50.0]
[-130.92341502852486, -7.724222806880221, 50.0]
[-127.92379620352075, -7.676401214675319, 50.0]
[-124.94399531575364, -7.328857448708595, 50.0]
[-122.01388524394288, -6.6850756789502706, 50.0]
[-119.16284071012743, -5.7515098986213955, 50.0]
[-116.41944379438245, -4.537519222099982, 50.0]
[-113.81119739587128, -3.0552740586221097, 50.0]
[-111.36424951282187, -1.3196341023984628, 50.0]
[-109.10313110555543, 0.65200063768929, 50.0]
[-106.88496448920962, 2.6718364879823264, 50.0]
[-104.66679787286381, 4.691672338275362, 50.0]
[-102.448631256518, 6.7115081885683985, 50.0]
[-100.23046464017219, 8.731344038861435, 50.0]
[-98.01229802382638, 10.751179889154471, 50.0]
[-95.79413140748056, 12.771015739447508, 50.0]
[-93.57596479113475, 14.790851589740544, 50.0]
[-91.35779817478894, 16.810687440033583, 50.0]
[-89.13963155844313, 18.830523290326617, 50.0]
[-86.92146494209732, 20.850359140619652, 50.0]
[-84.7032983257515, 22.87019499091269, 50.0]
[-82.48513170940569, 24.89003084120573, 50.0]
[-80.26696509305988, 26.909866691498767, 50.0]
[-78.04879847671407, 28.929702541791805, 50.0]
[-75.83063186036826, 30.949538392084843, 50.0]
[-73.61246524402245, 32.96937424237788, 50.0]
[-71.39429862767663, 34.989210092670916, 50.0]
[-69.17613201133082, 37.00904594296395, 50.0]
[-66.95796539498501, 39.028881793256986, 50.0]
[-64.7397987786392, 41.04871764355002, 50.0]
[-62.52163216229339, 43.068553493843055, 50.0]
[-60.30346554594759, 45.08838934413609, 50.0]
[-58.085298929601784, 47.108225194429124, 50.0]
[-55.86713231325598, 49.12806104472216, 50.0]
[-53.648965696910174, 51.147896895015194, 50.0]
[-51.43079908056437, 53.16773274530823, 50.0]
[-49.212632464218565, 55.18756859560126, 50.0]
[-46.99446584787276, 57.2074044458943, 50.0]
[-44.776299231526956, 59.22724029618733, 50.0]
[-42.55813261518115, 61.24707614648037, 50.0]
[-40.339965998835346, 63.2669119967734, 50.0]
[-38.12179938248954, 65.28674784706644, 50.0]
[-35.90363276614374, 67.30658369735947, 50.0]
[-33.68546614979793, 69.3264195476525, 50.0]
[-31.467299533452127, 71.34625539794554, 50.0]
[-29.249132917106323, 73.36609124823858, 50.0]
[-27.030966300760518, 75.38592709853161, 50.0]
[-24.812799684414713, 77.40576294882464, 50.0]
[-22.59463306806891, 79.42559879911768, 50.0]
[-20.376466451723104, 81.44543464941071, 50.0]
[-18.1582998353773, 83.46527049970375, 50.0]
[-15.940133219031496, 85.48510634999678, 50.0]
[-13.721966602685693, 87.50494220028982, 50.0]
[-11.50379998633989, 89.52477805058285, 50.0]
[-9.285633369994088, 91.5446139008759, 50.0]
[-7.067466753648285, 93.56444975116894, 50.0]
[-4.849300137302483, 95.58428560146197, 50.0]
[-2.6311335209566824, 97.60412145175502, 50.0]
[-0.41296690461087904, 99.62395730204805, 50.0]
[1.9960645970917987, 101.41185193647262, 50.0]
[4.571810140322514, 102.94988148642513, 50.0]
[7.288447552015693, 104.22262701220355, 50.0]
[10.118742200402092, 105.21732907981742, 50.0]
[13.034320025618046, 105.92401567591855, 50.0]
[16.005951993224674, 106.33560217848924, 50.0]
[19.003847118954763, 106.44796238106905, 50.0]
[21.997951127077354, 106.2599698584937, 50.0]
[24.958247748292372, 105.773509259449, 50.0]
[27.855059636606022, 104.99345741263066, 50.0]
[30.659345888457374, 103.92763443592322, 50.0]
[33.342993181429534, 102.58672533873461, 50.0]
[35.879097613843165, 100.98417290343275, 50.0]
[38.24223441975495, 99.13604291976141, 50.0]
[40.48649731787701, 97.14524306942165, 50.0]
[42.73076021599907, 95.1544432190819, 50.0]
[44.97502311412113, 93.16364336874214, 50.0]
[47.21928601224319, 91.17284351840239, 50.0]
[49.46354891036525, 89.18204366806263, 50.0]
[51.70781180848731, 87.19124381772288, 50.0]
[53.952074706609366, 85.20044396738312, 50.0]
[56.196337604731426, 83.20964411704337, 50.0]
[58.440600502853485, 81.21884426670361, 50.0]
[60.684863400975544, 79.22804441636386, 50.0]
[62.929126299097604, 77.2372445660241, 50.0]
[65.17338919721966, 75.24644471568435, 50.0]
[67.41765209534172, 73.25564486534459, 50.0]
[69.66191499346378, 71.26484501500484, 50.0]
[71.90617789158584, 69.27404516466508, 50.0]
[74.1504407897079, 67.28324531432533, 50.0]
[76.39470368782996, 65.29244546398557, 50.0]
[78.63896658595202, 63.301645613645825, 50.0]
[80.88322948407408, 61.31084576330608, 50.0]
[83.12749238219614, 59.32004591296633, 50.0]
[85.3717552803182, 57.32924606262658, 50.0]
[87.61601817844026, 55.33844621228683, 50.0]
[89.86028107656232, 53.347646361947085, 50.0]
[92.10454397468438, 51.35684651160734, 50.0]
[94.34880687280643, 49.36604666126759, 50.0]
[96.5930697709285, 47.37524681092784, 50.0]
[98.83733266905055, 45.38444696058809, 50.0]
[101.08159556717261, 43.393647110248345, 50.0]
[103.32585846529467, 41.4028472599086, 50.0]
[105.57012136341673, 39.41204740956885, 50.0]
[107.81438426153879, 37.4212475592291, 50.0]
[110.05864715966085, 35.43044770888935, 50.0]
[112.30291005778291, 33.439647858549606, 50.0]
[114.54717295590497, 31.448848008209858, 50.0]
[116.79143585402703, 29.45804815787011, 50.0]
[119.03569875214909, 27.46724830753036, 50.0]
[121.27996165027115, 25.476448457190614, 50.0]
[123.5242245483932, 23.485648606850866, 50.0]
[125.76848744651527, 21.494848756511118, 50.0]
[128.01275034463734, 19.504048906171374, 50.0]
[130.2570132427594, 17.513249055831626, 50.0]
[132.50127614088146, 15.52244920549188, 50.0]
[134.74553903900352, 13.531649355152133, 50.0]
[136.98980193712558, 11.540849504812387, 50.0]
[139.23406483524764, 9.550049654472643, 50.0]
[141.4783277333697, 7.559249804132898, 50.0]
[143.72259063149176, 5.568449953793155, 50.0]
[145.96685352961381, 3.5776501034534123, 50.0]
[148.21111642773587, 1.5868502531136712, 50.0]
