
-792.897871724 2204.62051260 46.0
-1427.19894904 1785.86231254 46.0
722.066006255 -966.884401796 46.0
1442.58220670 -369.492529466 61.0
1029.98946033 307.928687766 152.0
-238.641394409 -264.793856176 91.0
133.420636872 443.391035360 115.0
383.420636869 443.391035360 115.0
503.420636870 443.391035360 115.0
-31159.1901825 80460.2188063 24.0
1260.91052581 665.086553039 70.0
-1681.65410272 -586.626410978 70.0
-1771.45673929 -626.622836885 70.0
-1626.09069448 -770.515088111 70.0
-1581.17502614 -750.553368248 70.0
1325.60056826 543.236127766 70.0
1415.40320483 583.232553673 70.0
1449.67113327 389.855673312 70.0
1404.78416504 369.857460359 70.0
-1480.72464965 -914.443832430 70.0
-1570.52728623 -954.403765247 70.0
-1425.16124141 -1098.33250956 70.0
-1380.24557306 -1078.33429661 70.0
1483.96776181 196.478792954 70.0
1573.77039839 236.475218857 70.0
1608.06702693 43.0983384993 70.0
1563.15135859 23.1001255461 70.0
-1279.79519658 -1242.22476079 70.0
-1369.59783316 -1282.22118670 70.0
-1058.02946542 -1352.14194585 70.0
-1013.14249719 -1332.18022599 70.0
1642.33495536 -150.278541861 70.0
1732.13759193 -110.282115955 70.0
1630.39571061 -364.201031511 70.0
1585.48004227 -384.162751377 70.0
-488.274930019 -1307.14596671 70.0
-578.077566592 -1347.14239262 70.0
-8.32303119353 -1302.14641347 70.0
36.5926371481 -1282.14820052 70.0
988.345604253 -858.536419577 70.0
1078.14824083 -818.576486761 70.0
1048.44362950 -1185.51449997 100.0
814.422952401 -203.230014478 50.0
71.7091427198 1302.16259261 200.0
221.706358973 1303.07643922 200.0
241.705987806 1303.19828543 200.0
261.705616644 1303.32013165 200.0
335.801921841 122.221904160 40.5
223.867947891 81.4812694400 27.0