22 15.00 0.00 0.00 1.00 0.00 0.00 100.00
16 0.00 0.00 0.00 0.00 -522.68 -267.90 0.00
16 0.00 0.00 0.00 0.00 -462.68 -267.90 0.00
16 0.00 0.00 0.00 0.00 -1418.71 889.85 100.00
16 0.00 0.00 0.00 0.00 -864.46 -58.50 100.00
16 0.00 0.00 0.00 0.00 -181.74 18.30 165.40
16 0.00 0.00 0.00 0.00 -46.65 -188.14 185.15
16 0.00 0.00 0.00 0.00 -76.20 -329.46 200.00
16 0.00 0.00 0.00 0.00 -715.54 -1158.50 274.07
16 0.00 0.00 0.00 0.00 -1049.20 -1006.92 300.00
16 0.00 0.00 0.00 0.00 -876.77 1074.61 300.00
16 0.00 0.00 0.00 0.00 -1689.66 1382.50 300.00
16 0.00 0.00 0.00 0.00 -2.30 -1043.85 100.00
