[-6.000000 3.000000 50.000000] [8.000000 0.750000 450.000000]
[-6.000000 3.750000 50.000000] [8.000000 0.750000 450.000000]
[-6.000000 4.500000 50.000000] [8.000000 0.750000 450.000000]
[-6.000000 5.250000 50.000000] [8.000000 0.750000 450.000000]
[-6.000000 6.000000 50.000000] [8.000000 0.750000 450.000000]
[-6.000000 6.750000 50.000000] [8.000000 0.750000 450.000000]
[-6.000000 7.500000 50.000000] [8.000000 0.750000 450.000000]
[-6.000000 8.250000 50.000000] [8.000000 0.750000 450.000000]
[-6.000000 9.000000 50.000000] [8.000000 0.750000 450.000000]
[-6.000000 9.750000 50.000000] [8.000000 0.750000 450.000000]
[-6.000000 10.500000 50.000000] [8.000000 0.750000 450.000000]
[-6.000000 11.250000 50.000000] [8.000000 0.750000 450.000000]
[-6.000000 12.000000 50.000000] [8.000000 0.750000 450.000000]
[-6.000000 12.750000 50.000000] [8.000000 0.750000 450.000000]
[-6.000000 13.500000 50.000000] [8.000000 0.750000 450.000000]
[-6.000000 14.250000 50.000000] [8.000000 0.750000 450.000000]
[2.000000 0.750000 50.000000] [8.000000 0.750000 450.000000]
[2.000000 1.500000 50.000000] [8.000000 0.750000 450.000000]
[2.000000 2.250000 50.000000] [8.000000 0.750000 450.000000]
[2.000000 3.000000 50.000000] [8.000000 0.750000 450.000000]
[2.000000 3.750000 50.000000] [8.000000 0.750000 450.000000]
[2.000000 4.500000 50.000000] [8.000000 0.750000 450.000000]
[2.000000 5.250000 50.000000] [8.000000 0.750000 450.000000]
[2.000000 6.000000 50.000000] [8.000000 0.750000 450.000000]
[2.000000 6.750000 50.000000] [8.000000 0.750000 450.000000]
[2.000000 7.500000 50.000000] [8.000000 0.750000 450.000000]
[2.000000 8.250000 50.000000] [8.000000 0.750000 450.000000]
[2.000000 9.000000 50.000000] [8.000000 0.750000 450.000000]
[2.000000 9.750000 50.000000] [8.000000 0.750000 450.000000]
[2.000000 10.500000 50.000000] [8.000000 0.750000 450.000000]
[2.000000 11.250000 50.000000] [8.000000 0.750000 450.000000]
[2.000000 12.000000 50.000000] [8.000000 0.750000 450.000000]
[2.000000 12.750000 50.000000] [8.000000 0.750000 450.000000]
[2.000000 13.500000 50.000000] [8.000000 0.750000 450.000000]
[2.000000 14.250000 50.000000] [8.000000 0.750000 450.000000]
[10.000000 6.000000 50.000000] [8.000000 0.750000 450.000000]
[10.000000 6.750000 50.000000] [8.000000 0.750000 450.000000]
[10.000000 7.500000 50.000000] [8.000000 0.750000 450.000000]
[10.000000 8.250000 50.000000] [8.000000 0.750000 450.000000]
[10.000000 9.000000 50.000000] [8.000000 0.750000 450.000000]
[10.000000 9.750000 50.000000] [8.000000 0.750000 450.000000]
[10.000000 10.500000 50.000000] [8.000000 0.750000 450.000000]
[10.000000 11.250000 50.000000] [8.000000 0.750000 450.000000]
[10.000000 12.000000 50.000000] [8.000000 0.750000 450.000000]
[10.000000 12.750000 50.000000] [8.000000 0.750000 450.000000]
[10.000000 13.500000 50.000000] [8.000000 0.750000 450.000000]
[10.000000 14.250000 50.000000] [8.000000 0.750000 450.000000]
[-166.000000 -15.000000 50.000000] [8.000000 0.750000 450.000000]
[-166.000000 15.000000 50.000000] [8.000000 0.750000 450.000000]
[154.000000 -15.000000 50.000000] [8.000000 0.750000 450.000000]
[154.000000 15.000000 50.000000] [8.000000 0.750000 450.000000]
[-166.000000 -15.000000 500.000000] [8.000000 0.750000 450.000000]
[-166.000000 15.000000 500.000000] [8.000000 0.750000 450.000000]
[154.000000 -15.000000 500.000000] [8.000000 0.750000 450.000000]
[154.000000 15.000000 500.000000] [8.000000 0.750000 450.000000]
