6.10208776184 217.908689019
-114.127426207 723.223075768
-303.861208101 803.985657574
-647.644252922 655.596241245
-439.122694361 377.585942418
-418.452638111 3.76261235747
-585.651593749 -161.558559577
-416.579113317 -469.658625272
167.662959443 -469.658625272
577.185713025 -82.6550199727
398.728099047 274.269950449
137.599014859 174.705438849
6.10208776184 217.908689019
137.599014859 174.705438849
398.728099047 274.269950449
577.185713025 -82.6550199727
167.662959443 -469.658625272
-416.579113317 -469.658625272
-585.651593749 -161.558559577
-418.452638111 3.76261235747
-439.122694361 377.585942418
-647.644252922 655.596241245
-303.861208101 803.985657574
-114.127426207 723.223075768
6.10208776184 217.908689019