
-76.9027717 39.0832049 97.0200
-76.9028024 39.0832062 96.7590
-76.9028335 39.0832072 96.5300
-76.9028648 39.083208 96.3500
-76.9028963 39.0832085 96.1890
-76.9029282 39.0832085 96.0490
-76.9029607 39.0832078 95.9090
-76.9030253 39.0832046 95.7590
-76.9030577 39.0832021 95.7400
-76.9030901 39.0831992 95.7290
-76.9031225 39.0831958 95.6890
-76.9031544 39.083192 95.7200
-76.9031861 39.083188 95.75
-76.9032176 39.0831838 95.75
-76.9032485 39.0831794 95.7700
-76.9032798 39.0831745 95.7900
-76.9033105 39.0831695 95.8600
-76.9033362 39.083165 95.9500
-76.9033618 39.0831605 96.0300
-76.9033618 39.0831605 96.0300
-76.9033871 39.083156 96.1100
-76.903438 39.0831468 96.3100
-76.9034634 39.0831421 96.4000
-76.9035256 39.0831332 96.7100
-76.9035587 39.0831307 97.0
-76.9035926 39.0831305 97.43
-76.903627 39.0831331 97.9600
-76.9036608 39.0831383 98.5490
-76.9037274 39.0831547 99.82
-76.9037274 39.0831547 99.82
-76.9037274 39.0831547 99.82
-76.9037905 39.0831761 100.869
-76.9038213 39.0831882 101.229
-76.9038213 39.0831882 101.229
-76.9038521 39.0832012 101.5
-76.9038978 39.0832217 101.610
-76.9039434 39.0832434 101.509
-76.9039893 39.0832667 101.329
-76.9040357 39.0832909 101.040
-76.9040357 39.0832909 101.040
-76.9040829 39.0833144 100.720
-76.9041311 39.0833373 100.439
-76.9041311 39.0833373 100.439
-76.9041812 39.0833606 100.290
-76.9042302 39.0833828 100.130
-76.9042796 39.0834036 99.9500
-76.9042796 39.0834036 99.9500
-76.904329 39.0834238 99.82
-76.9043787 39.0834446 99.6700
-76.9043787 39.0834446 99.6700
-76.9044229 39.0834628 99.4000
-76.9044677 39.0834805 99.1400
-76.9045125 39.0834974 98.93
-76.9045578 39.0835131 98.8100
-76.9045578 39.0835131 98.8100
-76.9046045 39.0835257 98.7990
-76.9046515 39.0835347 98.8290
-76.904699 39.0835397 98.9200
-76.904699 39.0835397 98.9200
-76.9047457 39.0835405 99.0200
-76.904791 39.0835376 99.1700
-76.9048355 39.0835318 99.3290
-76.9048355 39.0835318 99.3290
-76.904879 39.0835238 99.4900
-76.9049559 39.083506 99.5490
-76.9049559 39.083506 99.5490
-76.9049897 39.0834968 99.57
-76.9050233 39.0834869 99.6190
-76.9050233 39.0834869 99.6190
-76.9050893 39.0834667 99.8600
-76.9051269 39.083455 100.240
-76.9051637 39.0834434 100.670
-76.9051637 39.0834434 101.100
-76.9052009 39.0834317 101.100
-76.9052378 39.0834202 101.520
-76.9052742 39.0834089 101.93
-76.9053108 39.0833982 102.32
-76.905348 39.0833879 102.68
-76.905348 39.0833879 102.68
-76.9053856 39.083378 102.960
-76.9054232 39.0833684 103.189
-76.9054621 39.0833588 103.439
-76.905501 39.0833499 103.759
-76.9055413 39.0833409 104.130
-76.905581 39.0833319 104.460
-76.9056209 39.0833228 104.720
-76.9056209 39.0833228 104.720
-76.9056604 39.0833138 104.93
-76.9056999 39.0833042 105.100
-76.9057402 39.0832939 105.380
-76.90578 39.0832836 105.600
-76.90578 39.0832836 105.600
-76.9058607 39.0832637 105.689
-76.9059019 39.0832543 105.630
-76.9059019 39.0832543 105.630
-76.9059434 39.0832452 105.520
-76.9059848 39.0832363 105.369
-76.9059848 39.0832363 105.369
-76.9060269 39.0832276 105.240
-76.9060685 39.0832192 105.149
-76.9061105 39.0832109 105.049
-76.9061575 39.0832016 104.850
-76.9061575 39.0832016 104.850
-76.9062044 39.083192 104.530
-76.9062512 39.0831816 104.030
-76.9062981 39.0831711 103.409
-76.9062981 39.0831711 103.409
-76.9063457 39.0831624 102.770
-76.9063944 39.0831568 102.170
-76.9064443 39.0831553 101.579
-76.9064443 39.0831553 101.579
-76.9064956 39.0831584 101.0
-76.906547 39.0831664 100.579
-76.906547 39.0831664 100.579
-76.906589 39.0831757 100.259
-76.9066736 39.0832013 99.7990
-76.9067154 39.0832167 99.6400
-76.9067154 39.0832167 99.6400
-76.9067506 39.0832314 99.5900
-76.9067853 39.0832466 99.5600
-76.9067853 39.0832466 99.5600
-76.9068194 39.0832619 99.5490
-76.9068194 39.0832619 99.5490
-76.9068194 39.0832619 99.5490
-76.9068194 39.0832619 99.5490
-76.9070062 39.083346 99.5
-76.9070062 39.083346 99.5
-76.9071085 39.0833896 99.3690
-76.9071085 39.0833896 99.3690
-76.9071602 39.0834107 99.2900
-76.907211 39.0834306 99.32
-76.907211 39.0834306 99.32
-76.9072614 39.0834498 99.3900
-76.9073114 39.0834686 99.32
-76.9073114 39.0834686 99.32
-76.9073604 39.0834866 99.1500
-76.9074088 39.0835039 98.8900
-76.9074088 39.0835039 98.8900
-76.9075066 39.0835358 98.4390
-76.9075066 39.0835358 98.4390
-76.9075442 39.0835472 98.3900
-76.9075817 39.0835582 98.3400
-76.9075817 39.0835582 98.3400
-76.907619 39.083569 98.2400
-76.9076567 39.0835793 98.1190
-76.9076936 39.0835894 97.9700
-76.9077294 39.0836012 97.7400
-76.9077637 39.0836163 97.4900
-76.9077954 39.083635 97.2900
-76.9077954 39.083635 97.2900