
-76.9027823 39.0831599 99.8100
-76.9028216 39.0831589 99.68
-76.9028604 39.0831586 99.4700
-76.9028604 39.0831586 99.4700
-76.9029372 39.0831601 98.9390
-76.9029372 39.0831601 98.9390
-76.9030195 39.0831633 98.4600
-76.9030652 39.0831656 98.2590
-76.9030652 39.0831656 98.2590
-76.9031558 39.0831691 97.7290
-76.9031558 39.0831691 97.7290
-76.9032454 39.0831697 97.4090
-76.9032454 39.0831697 97.4090
-76.9032907 39.0831687 97.2800
-76.9032907 39.0831687 97.2800
-76.9033358 39.0831667 97.2290
-76.9033806 39.0831643 97.1590
-76.9033806 39.0831643 97.1590
-76.9034245 39.0831609 97.1300
-76.9034682 39.0831569 97.1500
-76.9035588 39.0831518 97.2900
-76.9036067 39.0831534 97.7200
-76.9036067 39.0831534 97.7200
-76.9036553 39.083159 98.4700
-76.9037049 39.0831685 99.4090
-76.9037528 39.0831809 100.32
-76.9038006 39.0831956 101.189
-76.9038468 39.0832117 101.960
-76.9038468 39.0832117 101.960
-76.9039261 39.0832418 103.159
-76.9039261 39.0832418 103.159
-76.9039644 39.0832575 103.560
-76.9040028 39.0832736 103.82
-76.9040414 39.0832902 104.020
-76.9040799 39.083307 104.189
-76.9041175 39.0833235 104.290
-76.9041175 39.0833235 104.290
-76.9041994 39.0833594 104.439
-76.9042438 39.0833786 104.490
-76.9042885 39.083398 104.409
-76.9043338 39.0834173 104.350
-76.9043338 39.0834173 104.350
-76.9043794 39.0834365 104.270
-76.9044258 39.0834557 104.130
-76.904466 39.0834722 103.950
-76.9045064 39.0834885 103.82
-76.9045482 39.0835046 103.770
-76.9045904 39.0835192 103.720
-76.9046323 39.0835318 103.619
-76.9046759 39.0835424 103.439
-76.9047201 39.08355 103.299
-76.9047641 39.0835544 103.119
-76.9048086 39.0835554 102.990
-76.9048527 39.0835534 102.920
-76.9048958 39.0835489 102.899
-76.9049383 39.0835423 102.899
-76.9049383 39.0835423 102.899
-76.9049797 39.0835339 102.899
-76.9050202 39.083524 102.880
-76.9050596 39.0835131 102.880
-76.9050984 39.0835014 102.899
-76.9051367 39.083489 102.950
-76.9051746 39.0834765 103.030
-76.9052128 39.083464 103.079
-76.9052128 39.083464 103.079
-76.905252 39.0834514 103.079
-76.9053426 39.0834243 103.100
-76.9053426 39.0834243 103.100
-76.9054331 39.083398 103.020
-76.9054331 39.083398 103.020
-76.9054788 39.0833849 103.009
-76.90557 39.0833597 103.030
-76.90557 39.0833597 103.030
-76.90557 39.0833597 103.030
-76.9056154 39.0833482 103.049
-76.9056608 39.0833372 103.079
-76.9056608 39.0833372 103.079
-76.9057505 39.0833157 103.329
-76.9057958 39.0833051 103.5
-76.9058403 39.0832957 103.649
-76.9058909 39.0832863 103.700
-76.9058909 39.0832863 103.700
-76.9059844 39.0832711 103.470
-76.9059844 39.0832711 103.470
-76.9059844 39.0832711 103.470
-76.9060266 39.0832642 103.229
-76.9060702 39.0832572 102.990
-76.9061135 39.0832499 102.770
-76.9061135 39.0832499 102.770
-76.9062176 39.0832287 101.840
-76.9062784 39.0832135 101.090
-76.9062784 39.0832135 101.090
-76.9063386 39.0831975 100.290
-76.9063386 39.0831975 100.290
-76.9064006 39.0831847 99.4200
-76.9064598 39.0831784 98.7200
-76.9065208 39.0831782 98.18
-76.9065208 39.0831782 98.18
-76.9065844 39.0831847 97.7900
-76.9066337 39.0831936 97.5790
-76.9066337 39.0831936 97.5790
-76.9066828 39.0832056 97.4600
-76.9067787 39.0832369 97.5790
-76.9067787 39.0832369 97.5790
-76.9068256 39.0832554 97.8290
-76.9068712 39.0832746 98.1000
-76.9068712 39.0832746 98.1000
-76.9069621 39.0833149 98.6000
-76.9070066 39.0833346 98.7800
-76.9070568 39.0833568 99.0300
-76.9071072 39.0833787 99.3100
-76.9071542 39.0833988 99.57
-76.9071542 39.0833988 99.57
-76.9071981 39.0834172 99.8400
-76.907242 39.0834353 100.060
-76.9072862 39.0834529 100.150
-76.9073301 39.0834696 100.079
-76.9073739 39.0834857 99.93
-76.9074186 39.0835016 99.7800
-76.9074186 39.0835016 99.7800
-76.9074692 39.0835187 99.4600
-76.9075207 39.0835354 99.1000
-76.9075711 39.083554 98.82
-76.9075711 39.083554 98.82
-76.9076475 39.0835942 98.3600
-76.9076801 39.0836208 98.1700
-76.9077067 39.0836527 98.0400
-76.9077254 39.08369 98.0300
-76.9077254 39.08369 98.0300
-76.907734 39.0837306 98.1190
-76.9077314 39.0837729 98.32
-76.9077179 39.0838139 98.5790
-76.9076941 39.083852 98.8690
-76.9076622 39.0838864 99.1890
-76.9076264 39.0839173 99.3900
-76.9075887 39.0839439 99.4900
-76.9075417 39.0839693 99.5600
-76.9074914 39.0839889 99.6190
-76.9074385 39.0840037 99.7290
-76.9074385 39.0840037 99.7290
-76.9073853 39.0840146 99.8290
-76.9073319 39.0840227 99.9090
-76.9072792 39.0840288 99.9000
-76.9072792 39.0840288 99.9000
-76.9071767 39.0840366 99.7800
-76.9071249 39.0840384 99.6500
-76.9071249 39.0840384 99.6500
-76.9070717 39.084039 99.43
-76.9070182 39.0840386 99.2000
-76.906964 39.0840374 98.9390