
-76.9027705 39.0832025 95.6400
-76.9027705 39.0832025 95.6400
-76.9028133 39.0832054 96.0090
-76.9028557 39.0832076 96.3100
-76.9028987 39.0832092 96.5300
-76.902942 39.0832099 96.6400
-76.9029848 39.0832097 96.6500
-76.903028 39.0832086 96.7400
-76.903028 39.0832086 96.7400
-76.903071 39.0832068 96.8100
-76.9031138 39.0832042 96.9200
-76.9031555 39.0832003 97.1700
-76.9031968 39.0831952 97.4700
-76.9031968 39.0831952 97.4700
-76.9032378 39.0831896 97.5900
-76.9033088 39.0831788 97.4090
-76.9033441 39.0831729 97.4500
-76.9033441 39.0831729 97.4500
-76.9033787 39.0831669 97.4390
-76.9034133 39.0831611 97.4200
-76.9034495 39.0831555 97.5
-76.9034495 39.0831555 97.5
-76.9034856 39.0831501 97.5900
-76.903572 39.0831411 98.2700
-76.9036171 39.0831405 99.0200
-76.9036617 39.0831432 100.009
-76.9036617 39.0831432 100.009
-76.9036617 39.0831432 100.009
-76.903749 39.0831562 102.0
-76.9037909 39.0831655 103.009
-76.903832 39.0831761 103.960
-76.9038728 39.0831877 104.880
-76.9039068 39.0831981 105.630
-76.9039398 39.0832087 106.25
-76.9039398 39.0832087 106.25
-76.9039727 39.0832194 106.759
-76.9040052 39.0832305 107.200
-76.9040586 39.0832507 107.700
-76.9040853 39.083261 107.729
-76.9041119 39.0832707 107.710
-76.9041119 39.0832707 107.710
-76.9041393 39.0832799 107.710
-76.904167 39.0832884 107.75
-76.9042232 39.0833039 107.790
-76.9042518 39.0833113 107.770
-76.9042802 39.0833185 107.689
-76.9043363 39.0833317 107.200
-76.9043646 39.083338 106.899
-76.9043936 39.0833441 106.720
-76.9044235 39.0833502 106.600
-76.9044587 39.0833571 106.439
-76.9044944 39.0833642 106.270
-76.9045301 39.0833716 106.18
-76.9045658 39.0833791 106.040
-76.9046015 39.0833864 105.840
-76.9046015 39.0833864 105.840
-76.9046015 39.0833864 105.840
-76.9046734 39.0834 105.479
-76.9047095 39.0834066 105.220
-76.9047095 39.0834066 105.220
-76.9047865 39.083422 104.610
-76.9048279 39.0834307 104.310
-76.9048722 39.0834403 103.979
-76.9048722 39.0834403 103.979
-76.9049675 39.0834611 103.380
-76.9049675 39.0834611 103.380
-76.9050212 39.0834725 103.079
-76.9050756 39.0834832 102.780
-76.9050756 39.0834832 102.780
-76.905118 39.0834899 102.450
-76.905118 39.0834899 102.450
-76.9051603 39.0834951 101.920
-76.9052016 39.0834981 101.159
-76.9052016 39.0834981 101.159
-76.9052892 39.0834957 99.1700
-76.9052892 39.0834957 99.1700
-76.9052892 39.0834957 99.1700
-76.9054224 39.0834662 96.4900
-76.9054224 39.0834662 96.4900
-76.9054689 39.0834487 95.9090
-76.9054689 39.0834487 95.9090
-76.9055409 39.0834174 95.3400
-76.905576 39.0834012 95.2200
-76.905576 39.0834012 95.2200
-76.9056104 39.0833855 95.1500
-76.9056444 39.0833705 95.1590
-76.905679 39.0833563 95.18
-76.9057135 39.0833433 95.2400
-76.9057135 39.0833433 95.2400
-76.9057486 39.0833311 95.2900
-76.905788 39.0833184 95.2100
-76.9058281 39.0833071 95.0600
-76.9058688 39.0832966 94.9600
-76.9058688 39.0832966 94.9600
-76.9059053 39.0832877 94.8900
-76.9059426 39.0832792 94.9000
-76.9059794 39.083271 94.9900
-76.9060165 39.083263 95.1000
-76.9060165 39.083263 95.1000
-76.9060534 39.0832549 95.2000
-76.9060903 39.0832466 95.3100
-76.9061268 39.0832383 95.3290
-76.9061639 39.08323 95.2200
-76.9061639 39.08323 95.2200
-76.9062009 39.0832216 95.07
-76.9062386 39.0832126 94.9790
-76.9062386 39.0832126 94.9790
-76.9063161 39.0831945 95.0090
-76.9063554 39.0831879 95.2100
-76.9064019 39.0831831 95.4090
-76.9064019 39.0831831 95.4090
-76.9064513 39.0831822 95.6300
-76.9065012 39.0831861 95.9000
-76.9065012 39.0831861 95.9000
-76.9065517 39.0831947 96.3290
-76.9066026 39.0832074 96.8900
-76.9066516 39.0832222 97.43
-76.9066516 39.0832222 97.43
-76.9066994 39.0832384 97.8900
-76.9066994 39.0832384 97.8900
-76.9067467 39.0832559 98.3290
-76.9067935 39.0832743 98.7100
-76.9068399 39.0832929 98.9500
-76.9068399 39.0832929 98.9500
-76.9068864 39.083312 99.0490
-76.9068864 39.083312 99.0490
-76.9069806 39.0833508 99.0900
-76.9069806 39.0833508 99.0900
-76.9070284 39.0833697 99.0090
-76.9070766 39.0833879 98.9390
-76.9071256 39.0834054 98.8800
-76.9071748 39.0834224 98.7800
-76.9072158 39.0834362 98.7200
-76.9072158 39.0834362 98.7200
-76.9072564 39.0834495 98.6300
-76.9072975 39.0834627 98.4900
-76.9073377 39.0834755 98.3690
-76.9073769 39.0834901 98.2800
-76.9074142 39.0835077 98.1700
-76.907449 39.0835291 98.0300
-76.9074798 39.0835555 97.8400
-76.9074798 39.0835555 97.8400
-76.907501 39.0835821 97.7000
-76.9075162 39.0836119 97.6400
-76.9075162 39.0836119 97.6400
-76.907526 39.0836773 97.6500
-76.907526 39.0836773 97.6500
-76.907526 39.0836773 97.6500
-76.9074557 39.0838179 97.7400
-76.9074231 39.0838476 97.7590