
-76.9026125 39.0831524 95.7900
-76.9026509 39.0831467 96.0300
-76.9026958 39.0831431 96.3600
-76.902787 39.0831425 97.0300
-76.902832 39.0831442 97.2100
-76.9028829 39.0831468 97.32
-76.9029332 39.0831503 97.4500
-76.9029834 39.0831544 97.4600
-76.9030345 39.0831588 97.5
-76.9030345 39.0831588 97.5
-76.9030345 39.0831588 97.5
-76.9030861 39.0831631 97.57
-76.9031387 39.083166 97.6400
-76.9031924 39.0831677 97.6000
-76.9032455 39.083168 97.4090
-76.9032995 39.0831666 97.1890
-76.9032995 39.0831666 97.1890
-76.9033536 39.0831636 96.9790
-76.9034075 39.0831584 96.7590
-76.9034075 39.0831584 96.7590
-76.9034617 39.083152 96.6300
-76.9034617 39.083152 96.6300
-76.9035152 39.0831445 96.6590
-76.9035152 39.0831445 96.6590
-76.9036437 39.0831316 97.3600
-76.9037099 39.0831316 98.1100
-76.9037753 39.083137 99.1000
-76.9037753 39.083137 99.1000
-76.9038598 39.0831498 100.329
-76.9038598 39.0831498 100.329
-76.903934 39.0831656 101.170
-76.903934 39.0831656 101.170
-76.9040067 39.0831836 101.650
-76.9040652 39.0831995 101.790
-76.9040652 39.0831995 101.790
-76.9041234 39.0832165 101.829
-76.9041804 39.0832342 101.82
-76.9042383 39.0832521 101.75
-76.9042967 39.0832698 101.610
-76.9042967 39.0832698 101.610
-76.9043425 39.0832836 101.509
-76.9043882 39.0832972 101.43
-76.9043882 39.0832972 101.43
-76.9043882 39.0832972 101.43
-76.9045284 39.0833369 101.119
-76.9045749 39.083349 100.970
-76.9046223 39.0833608 100.840
-76.9046223 39.0833608 100.840
-76.9046693 39.0833725 100.689
-76.9047171 39.0833842 100.560
-76.9047651 39.0833956 100.509
-76.9047651 39.0833956 100.509
-76.9048136 39.083407 100.460
-76.9048616 39.083418 100.409
-76.9049716 39.0834428 100.509
-76.9049716 39.0834428 100.509
-76.9050278 39.0834545 100.659
-76.9050829 39.0834651 100.920
-76.9051385 39.083474 101.040
-76.9051385 39.083474 101.040
-76.905183 39.0834794 100.920
-76.9052281 39.0834832 100.659
-76.9052722 39.0834847 100.299
-76.9053155 39.0834836 99.8500
-76.9053591 39.0834795 99.3800
-76.9054071 39.0834716 98.8500
-76.9054544 39.0834611 98.4500
-76.9055012 39.0834486 98.3400
-76.9055414 39.0834371 98.18
-76.9055819 39.0834252 97.9000
-76.9055819 39.0834252 97.9000
-76.9056225 39.0834127 97.5
-76.9057045 39.0833861 96.9000
-76.9057045 39.0833861 96.9000
-76.9057882 39.083358 96.7900
-76.9058305 39.0833434 96.7900
-76.9058722 39.083329 96.93
-76.9059136 39.0833148 97.18
-76.9059546 39.0833012 97.4700
-76.9059546 39.0833012 97.4700
-76.9059959 39.0832878 97.7700
-76.9059959 39.0832878 97.7700
-76.9060773 39.0832624 98.43
-76.9061175 39.0832503 98.8100
-76.9061175 39.0832503 98.8100
-76.9061571 39.083238 99.0600
-76.9062018 39.0832241 99.25
-76.9062018 39.0832241 99.25
-76.9063337 39.0831897 99.4900
-76.9063337 39.0831897 99.4900
-76.9063774 39.0831828 99.43
-76.906423 39.0831795 99.3400
-76.906469 39.0831799 99.1400
-76.9065154 39.0831844 98.93
-76.9065623 39.0831925 98.7290
-76.9065623 39.0831925 98.7290
-76.906655 39.0832171 98.43
-76.906655 39.0832171 98.43
-76.9067009 39.0832325 98.2900
-76.9067461 39.0832489 98.0300
-76.9067921 39.0832667 97.7100
-76.9067921 39.0832667 97.7100
-76.906838 39.0832854 97.43
-76.9068848 39.0833051 97.1590
-76.9069314 39.083325 96.8690
-76.9069848 39.0833479 96.5600
-76.9070386 39.0833704 96.32
-76.9070386 39.0833704 96.32
-76.9071347 39.0834085 96.18
-76.9071347 39.0834085 96.18
-76.9071821 39.0834264 96.2990
-76.9071821 39.0834264 96.2990
-76.9072237 39.0834433 96.4000
-76.907302 39.0834846 96.3500
-76.9073373 39.0835118 96.2900
-76.9073632 39.0835392 96.2900
-76.9073632 39.0835392 96.2900
-76.9073834 39.0835703 96.3690
-76.9073975 39.0836046 96.5
-76.9074048 39.0836409 96.68
-76.9074048 39.0836409 96.68
-76.907372 39.0837712 97.4700
-76.907372 39.0837712 97.4700
-76.9073327 39.0838205 97.7700
-76.907284 39.0838632 98.0490
-76.9072245 39.0839035 98.32
-76.9072245 39.0839035 98.32
-76.9071623 39.0839371 98.4900
-76.9071056 39.0839636 98.5
-76.9070479 39.0839871 98.4900
-76.9070479 39.0839871 98.4900
-76.9069895 39.0840084 98.4600
-76.9069296 39.0840288 98.3800
-76.9068697 39.084048 98.2700
-76.9068087 39.0840664 98.1590
-76.9068087 39.0840664 98.1590
-76.906758 39.0840811 98.0900
-76.9067063 39.0840956 97.9900
-76.9066553 39.0841097 97.8800
-76.9066031 39.0841243 97.7590
-76.9065505 39.0841389 97.68
-76.9065505 39.0841389 97.68
-76.9064986 39.0841537 97.6700
-76.9064467 39.0841688 97.6100
-76.9063941 39.0841841 97.5600
-76.9063419 39.0841994 97.5790
-76.9062898 39.0842145 97.6590
-76.9062898 39.0842145 97.6590
-76.9062364 39.0842301 97.8100
-76.9061829 39.0842452 97.9500