
-76.9043955 39.0827405 96.9390
-76.9043955 39.0827404 96.9390
-76.9043955 39.0827404 96.9390
-76.9043956 39.0827403 96.9390
-76.9043956 39.0827402 96.9390
-76.9043956 39.0827401 96.9390
-76.9043956 39.0827401 96.9390
-76.9043956 39.0827401 96.9390
-76.9043955 39.0827401 96.9390
-76.9043955 39.08274 96.9390
-76.9043955 39.0827401 96.9390
-76.9043955 39.0827401 96.9390
-76.9043954 39.0827401 96.9390
-76.9043954 39.0827402 96.9390
-76.9043954 39.0827402 96.9390
-76.9031998 39.0831431 96.9390
-76.9032453 39.0831407 97.2700
-76.9032902 39.083138 97.4500
-76.903334 39.0831351 97.3400
-76.9033772 39.0831312 97.1000
-76.9033772 39.0831312 97.1000
-76.9034192 39.0831262 96.7800
-76.9034529 39.0831216 96.5200
-76.9034868 39.0831172 96.2400
-76.9035224 39.0831135 96.0
-76.9035585 39.083111 95.7900
-76.9035957 39.0831102 95.5
-76.9035957 39.0831102 95.5
-76.9036715 39.0831148 94.9600
-76.9037096 39.0831204 94.7290
-76.903753 39.0831296 94.5600
-76.903753 39.0831296 94.5600
-76.9037953 39.0831413 94.4500
-76.9038712 39.083168 94.4500
-76.9039056 39.0831819 94.4790
-76.9039387 39.0831964 94.57
-76.9039719 39.0832116 94.7000
-76.9039719 39.0832116 94.7000
-76.9040264 39.0832372 94.8400
-76.9040538 39.08325 94.8900
-76.9040813 39.0832627 94.8800
-76.9041088 39.0832752 94.7400
-76.9041362 39.0832873 94.5400
-76.9041917 39.0833101 94.0600
-76.9041917 39.0833101 94.0600
-76.9042197 39.0833212 93.8600
-76.9042482 39.0833323 93.6500
-76.9042482 39.0833323 93.6500
-76.9042482 39.0833323 93.6500
-76.90436 39.0833721 92.5400
-76.9044164 39.0833898 92.0490
-76.9044164 39.0833898 92.0490
-76.9044452 39.0833985 91.8600
-76.9045042 39.0834158 91.6000
-76.9045042 39.0834158 91.6000
-76.9045616 39.083431 91.4900
-76.9045901 39.0834387 91.4790
-76.9046187 39.0834468 91.5
-76.9046641 39.08346 91.5790
-76.9046641 39.08346 91.5790
-76.904709 39.0834734 91.5600
-76.9047308 39.0834797 91.5600
-76.9047798 39.0834934 91.5600
-76.9048061 39.0835009 91.4900
-76.9048061 39.0835009 91.4900
-76.9048597 39.0835169 91.3290
-76.9048862 39.0835254 91.2700
-76.9048862 39.0835254 91.2700
-76.904949 39.0835458 91.1700
-76.9049808 39.0835552 91.1190
-76.9050134 39.0835634 91.0600
-76.9050522 39.0835709 90.9790
-76.9050914 39.0835753 90.93
-76.9051301 39.0835759 90.8800
-76.9051677 39.0835726 90.9000
-76.9051677 39.0835726 90.9000
-76.9052034 39.0835658 91.0200
-76.9052369 39.0835568 91.2200
-76.9052688 39.083546 91.4900
-76.9053001 39.0835339 91.7290
-76.9053305 39.0835211 91.9390
-76.9053305 39.0835211 91.9390
-76.9053562 39.0835091 92.07
-76.905381 39.0834968 92.0790
-76.9054054 39.0834839 92.0090
-76.9054294 39.0834712 91.9090
-76.9054532 39.0834587 91.8100
-76.9054532 39.0834587 91.8100
-76.9055085 39.0834308 91.7290
-76.9055361 39.0834173 91.6300
-76.9055638 39.083404 91.6000
-76.9055917 39.0833911 91.6300
-76.9055917 39.0833911 91.6300
-76.9056207 39.0833783 91.7290
-76.9056459 39.0833675 91.7400
-76.9056712 39.0833569 91.7400
-76.9056965 39.0833467 91.75
-76.905722 39.0833368 91.7900
-76.9057513 39.0833257 91.8100
-76.9057814 39.0833148 91.8690
-76.9057814 39.0833148 91.8690
-76.9058379 39.0832964 92.1300
-76.9058641 39.0832888 92.2590
-76.9058902 39.0832816 92.3400
-76.9058902 39.0832816 92.3400
-76.9059162 39.0832741 92.5090
-76.9059425 39.0832664 92.7800
-76.9059689 39.0832583 93.0090
-76.9059951 39.0832499 93.18
-76.9060392 39.083235 93.4600
-76.9060392 39.083235 93.4600
-76.9060612 39.0832277 93.6000
-76.9060834 39.0832206 93.7290
-76.9060834 39.0832206 93.7290
-76.906106 39.0832134 93.7800
-76.9061528 39.0831981 93.8100
-76.9061887 39.0831863 93.8400
-76.9061887 39.0831863 93.8400
-76.9062258 39.0831741 93.8500
-76.9062258 39.0831741 93.8500
-76.9062258 39.0831741 93.8500
-76.9063726 39.083141 94.2590
-76.9063726 39.083141 94.2590
-76.9064304 39.0831402 94.3290
-76.9064304 39.0831402 94.3290
-76.906489 39.0831469 94.43
-76.906489 39.0831469 94.43
-76.906489 39.0831469 94.43
-76.9065471 39.0831605 94.7290
-76.9066039 39.0831806 95.1100
-76.9066039 39.0831806 95.1100
-76.9066583 39.0832049 95.5090
-76.9067113 39.0832311 95.9000
-76.9067113 39.0832311 95.9000
-76.9067596 39.0832564 96.2590
-76.9067596 39.0832564 96.2590
-76.9068081 39.083281 96.6000
-76.9068081 39.083281 96.6000
-76.9068484 39.0833003 96.8500
-76.9068889 39.0833187 97.0300
-76.90693 39.0833366 97.2100
-76.9069644 39.083351 97.3600
-76.9069993 39.0833648 97.4900
-76.9070345 39.0833778 97.6000
-76.9070702 39.0833902 97.7590
-76.9070702 39.0833902 97.7590
-76.9071058 39.0834019 97.9900
-76.9071419 39.0834134 98.3400
-76.9071781 39.0834246 98.7100
-76.9072141 39.0834355 99.0