
-76.9025716 39.0831873 95.6100
-76.9026145 39.0831775 95.6100
-76.9026638 39.083171 95.5900
-76.9027127 39.0831684 95.5790
-76.9027127 39.0831684 95.5790
-76.9028125 39.0831698 95.4900
-76.9028125 39.0831698 95.4900
-76.9028629 39.083172 95.5600
-76.9029139 39.0831744 95.7200
-76.9029647 39.0831769 95.9500
-76.9029647 39.0831769 95.9500
-76.9030222 39.0831795 96.2990
-76.9030798 39.0831815 96.7290
-76.9031299 39.0831822 97.1000
-76.903179 39.0831821 97.4200
-76.903179 39.0831821 97.4200
-76.9032287 39.0831811 97.7290
-76.9033136 39.0831768 98.1700
-76.9033136 39.0831768 98.1700
-76.9033555 39.0831736 98.3100
-76.9033555 39.0831736 98.3100
-76.9033969 39.0831697 98.4390
-76.9034393 39.0831651 98.4900
-76.9034393 39.0831651 98.4900
-76.9034393 39.0831651 98.4900
-76.9034393 39.0831651 98.4900
-76.9036399 39.0831431 98.6000
-76.9036399 39.0831431 98.6000
-76.9037168 39.0831431 99.2590
-76.9037952 39.0831487 100.07
-76.9038733 39.0831596 100.939
-76.9038733 39.0831596 100.939
-76.9039503 39.083174 101.650
-76.9039503 39.083174 101.650
-76.9040193 39.0831888 102.060
-76.9040873 39.0832058 102.380
-76.9040873 39.0832058 102.380
-76.9041535 39.0832235 102.439
-76.9042058 39.0832379 102.399
-76.9042574 39.0832525 102.270
-76.9043094 39.0832677 102.030
-76.9043608 39.0832831 101.720
-76.9043608 39.0832831 101.720
-76.9044127 39.0832987 101.400
-76.9044664 39.0833147 101.079
-76.9045125 39.0833285 100.900
-76.9045582 39.0833426 100.869
-76.904605 39.083357 100.93
-76.904605 39.083357 100.93
-76.9046518 39.0833712 101.119
-76.9046987 39.0833849 101.350
-76.9048063 39.0834132 101.960
-76.90486 39.0834261 102.220
-76.90486 39.0834261 102.220
-76.9049131 39.0834379 102.420
-76.9049659 39.0834488 102.579
-76.9049659 39.0834488 102.579
-76.9050191 39.0834593 102.640
-76.9050783 39.0834697 102.640
-76.905137 39.0834779 102.420
-76.9051947 39.0834834 102.009
-76.9052527 39.083486 101.259
-76.9053104 39.0834849 100.380
-76.9053104 39.0834849 100.380
-76.9053681 39.0834795 99.6000
-76.9054253 39.0834706 98.8290
-76.9054818 39.0834583 98.2290
-76.9054818 39.0834583 98.2290
-76.9055375 39.0834435 97.6700
-76.9055934 39.0834258 97.5
-76.9055934 39.0834258 97.5
-76.905648 39.0834064 97.4700
-76.9057013 39.0833856 97.5200
-76.9057013 39.0833856 97.5200
-76.9057542 39.0833649 97.6890
-76.9058066 39.0833456 98.1400
-76.9058499 39.0833304 98.4790
-76.9058944 39.0833156 98.7900
-76.9058944 39.0833156 98.7900
-76.905983 39.0832881 99.1590
-76.9060274 39.0832751 99.2590
-76.9060274 39.0832751 99.2590
-76.9060274 39.0832751 99.2590
-76.9061169 39.0832502 99.3500
-76.9061618 39.0832384 99.32
-76.9062071 39.0832268 99.3400
-76.9062524 39.0832155 99.2700
-76.9062972 39.0832046 99.1590
-76.9063365 39.0831972 99.1300
-76.9063767 39.0831913 98.9900
-76.9064166 39.0831873 98.8690
-76.9064575 39.0831855 98.7900
-76.9064985 39.083187 98.82
-76.9065326 39.0831913 98.9900
-76.9066006 39.0832044 99.4200
-76.9066342 39.0832125 99.6400
-76.9066677 39.0832215 99.8400
-76.9066677 39.0832215 99.8400
-76.9067467 39.0832466 100.189
-76.9067845 39.0832604 100.25
-76.9067845 39.0832604 100.25
-76.9068217 39.083275 100.259
-76.9068584 39.0832903 100.210
-76.9068953 39.0833063 100.090
-76.9069318 39.0833225 99.9090
-76.906968 39.0833389 99.7200
-76.9070776 39.0833881 99.0400
-76.9070776 39.0833881 99.0400
-76.9071143 39.083404 98.7800
-76.9071883 39.0834345 98.2290
-76.9072259 39.0834494 97.9500
-76.9072634 39.0834638 97.6890
-76.9073012 39.0834776 97.4900
-76.9073391 39.0834909 97.2900
-76.907377 39.0835036 97.0900
-76.9074151 39.0835158 96.9000
-76.9074531 39.0835274 96.7100
-76.9074979 39.0835406 96.5300
-76.9075414 39.0835533 96.3800
-76.9075855 39.0835657 96.18
-76.9075855 39.0835657 96.18
-76.9076231 39.0835759 95.9900
-76.9076972 39.083596 95.5490
-76.9077339 39.0836083 95.2590
-76.9077704 39.0836233 94.9500
-76.9078056 39.083642 94.6300
-76.9078385 39.0836653 94.3400
-76.907867 39.0836942 94.1700
-76.90789 39.0837294 94.07
-76.9079054 39.083769 94.0490
-76.9079127 39.0838116 94.0400
-76.9079127 39.0838116 94.0400
-76.9079112 39.0838557 94.0490
-76.9079112 39.0838557 94.0490
-76.9078814 39.0839419 94.0300
-76.9078074 39.0840267 94.2100
-76.9077593 39.0840609 94.4090
-76.9077009 39.084092 94.7590
-76.9077009 39.084092 94.7590
-76.9075795 39.0841372 95.8900
-76.9075795 39.0841372 95.8900
-76.9075195 39.0841545 96.6190
-76.9074611 39.08417 97.3400
-76.9074611 39.08417 97.3400
-76.9074029 39.0841843 98.0090
-76.9073435 39.0841986 98.4700
-76.9072832 39.0842126 98.7990
-76.9072832 39.0842126 98.7990
-76.9072212 39.0842267 99.0300
-76.9071589 39.0842403 99.2000