
-76.9027184 39.0831791 97.6300
-76.9027184 39.0831791 97.6300
-76.9027791 39.0831804 97.7590
-76.9028142 39.0831814 97.7400
-76.9028142 39.0831814 97.7400
-76.902886 39.0831837 97.5490
-76.902886 39.0831837 97.5490
-76.9029592 39.083186 97.43
-76.9029592 39.083186 97.43
-76.9029968 39.0831866 97.4000
-76.9030285 39.0831864 97.3800
-76.9030598 39.0831856 97.3600
-76.9030598 39.0831856 97.3600
-76.9031226 39.0831824 97.3900
-76.9031226 39.0831824 97.3900
-76.9031542 39.0831801 97.4500
-76.9032323 39.0831732 97.4500
-76.9032789 39.0831686 97.4500
-76.9033151 39.0831647 97.4600
-76.9033151 39.0831647 97.4600
-76.9033509 39.0831604 97.4390
-76.9034184 39.0831501 97.2100
-76.9034184 39.0831501 97.2100
-76.9034488 39.0831445 97.1500
-76.9035105 39.0831331 97.32
-76.9035105 39.0831331 97.32
-76.9035418 39.0831286 97.4390
-76.9035731 39.0831258 97.6100
-76.9036378 39.0831259 98.0490
-76.90367 39.083129 98.3100
-76.9037018 39.0831337 98.57
-76.9037018 39.0831337 98.57
-76.9037629 39.0831472 99.2000
-76.9037629 39.0831472 99.2000
-76.9037925 39.0831558 99.5400
-76.9038412 39.0831724 100.0
-76.9038887 39.0831913 100.25
-76.9038887 39.0831913 100.25
-76.9039351 39.0832116 100.400
-76.9039582 39.083222 100.43
-76.9039582 39.083222 100.43
-76.9040038 39.0832427 100.400
-76.9040265 39.083253 100.369
-76.9040497 39.0832635 100.290
-76.9040497 39.0832635 100.290
-76.9040871 39.0832804 100.150
-76.9041249 39.0832969 100.020
-76.9042025 39.0833266 99.7590
-76.9042422 39.0833399 99.6300
-76.9042422 39.0833399 99.6300
-76.9042823 39.0833528 99.4500
-76.9043229 39.0833657 99.2400
-76.9043229 39.0833657 99.2400
-76.9044047 39.0833894 98.7100
-76.9044047 39.0833894 98.7100
-76.9044462 39.0834006 98.32
-76.9044896 39.0834118 97.9900
-76.9045331 39.0834217 97.6700
-76.9045724 39.0834298 97.4500
-76.9046116 39.0834377 97.32
-76.9046116 39.0834377 97.32
-76.9046505 39.0834455 97.2290
-76.9047164 39.0834591 97.1500
-76.904749 39.083466 97.1400
-76.904749 39.083466 97.1400
-76.9047812 39.083473 97.1100
-76.9048451 39.0834867 97.1700
-76.9048767 39.0834934 97.2400
-76.9048767 39.0834934 97.2400
-76.9049408 39.0835061 97.5
-76.9049408 39.0835061 97.5
-76.9050048 39.083516 97.7290
-76.9050368 39.0835194 97.7700
-76.9050689 39.0835213 97.7590
-76.9051008 39.0835215 97.68
-76.9051326 39.0835197 97.6190
-76.9051639 39.0835163 97.5490
-76.9051639 39.0835163 97.5490
-76.9052255 39.0835049 97.4790
-76.9052558 39.0834975 97.3800
-76.9052856 39.0834893 97.2990
-76.9053151 39.0834805 97.2400
-76.9053442 39.0834714 97.2100
-76.9053779 39.0834602 97.1590
-76.9054116 39.0834481 97.0790
-76.9054452 39.0834357 96.9500
-76.9054732 39.0834253 96.82
-76.9055007 39.0834149 96.68
-76.9055287 39.0834043 96.5400
-76.9055287 39.0834043 96.5400
-76.905584 39.0833835 96.2590
-76.9056161 39.0833713 96.1000
-76.9056474 39.0833593 96.0400
-76.9056474 39.0833593 96.0400
-76.9056779 39.0833474 96.0490
-76.905709 39.0833352 96.0790
-76.9057705 39.0833113 96.0600
-76.9057705 39.0833113 96.0600
-76.9058012 39.0832999 96.0790
-76.905864 39.0832786 96.1300
-76.905864 39.0832786 96.1300
-76.9058957 39.0832684 96.1300
-76.9059235 39.0832597 96.1300
-76.905951 39.0832511 96.1300
-76.9059786 39.0832424 96.1100
-76.9060337 39.0832248 95.9390
-76.9060337 39.0832248 95.9390
-76.9060611 39.0832161 95.82
-76.9060887 39.0832074 95.6890
-76.9061164 39.0831987 95.57
-76.9061722 39.0831814 95.3500
-76.9061722 39.0831814 95.3500
-76.9062002 39.0831732 95.25
-76.9062278 39.0831652 95.1400
-76.9062563 39.0831579 95.0600
-76.9062858 39.0831516 94.9790
-76.9063163 39.0831466 94.8900
-76.9063484 39.0831432 94.7990
-76.9064144 39.0831438 94.7590
-76.9064144 39.0831438 94.7590
-76.9064638 39.083151 94.9500
-76.9065123 39.0831633 95.2900
-76.9065123 39.0831633 95.2900
-76.9065593 39.0831796 95.7100
-76.9065593 39.0831796 95.7100
-76.9066494 39.0832171 96.4390
-76.9066494 39.0832171 96.4390
-76.9066834 39.0832328 96.6500
-76.9067175 39.0832488 96.7700
-76.9067509 39.0832646 96.7900
-76.9067851 39.0832798 96.7290
-76.906825 39.0832963 96.6100
-76.9068653 39.0833119 96.4500
-76.9068993 39.0833246 96.2900
-76.9068993 39.0833246 96.2900
-76.9069686 39.0833491 96.0790
-76.9069686 39.0833491 96.0790
-76.907039 39.0833725 96.07
-76.907039 39.0833725 96.07
-76.907075 39.0833841 96.0790
-76.9071461 39.0834067 96.2100
-76.9071461 39.0834067 96.2100
-76.9071818 39.083418 96.2990
-76.9072172 39.0834292 96.4200
-76.9072533 39.0834407 96.57
-76.9073187 39.0834612 96.7800
-76.9073187 39.0834612 96.7800
-76.9073488 39.0834705 96.7900
-76.9073788 39.0834796 96.8400
-76.9073788 39.0834796 96.8400