
-76.9034831 39.0831417 96.5400
-76.9035268 39.0831353 96.4090
-76.9035268 39.0831353 96.4090
-76.9035268 39.0831353 96.4090
-76.9036202 39.0831259 96.9390
-76.9036683 39.0831253 97.6190
-76.9037176 39.0831277 98.4000
-76.9037595 39.0831323 99.1400
-76.9037595 39.0831323 99.1400
-76.9038414 39.0831459 100.560
-76.9038414 39.0831459 100.560
-76.9039192 39.0831617 101.759
-76.9039566 39.0831702 102.240
-76.9039566 39.0831702 102.240
-76.9040315 39.0831885 102.899
-76.9040315 39.0831885 102.899
-76.9041057 39.0832071 103.079
-76.9041057 39.0832071 103.079
-76.9041433 39.0832166 102.979
-76.9041809 39.0832262 102.850
-76.9042191 39.0832358 102.670
-76.9042191 39.0832358 102.670
-76.9043096 39.0832577 102.259
-76.9043563 39.0832686 101.970
-76.9043563 39.0832686 101.970
-76.9044031 39.083279 101.729
-76.9044501 39.0832891 101.549
-76.9044501 39.0832891 101.549
-76.9044969 39.0832986 101.400
-76.9045896 39.083316 101.220
-76.9046369 39.0833241 101.18
-76.9046777 39.0833308 101.170
-76.9047183 39.0833372 101.170
-76.9047183 39.0833372 101.170
-76.9048004 39.0833491 101.270
-76.9048409 39.0833546 101.350
-76.9048409 39.0833546 101.350
-76.904882 39.0833598 101.400
-76.9049229 39.0833649 101.400
-76.9049627 39.0833699 101.360
-76.9050031 39.0833749 101.299
-76.9050833 39.0833852 101.150
-76.9050833 39.0833852 101.150
-76.9051242 39.0833904 101.0
-76.9051646 39.0833955 100.869
-76.9052041 39.0834004 100.729
-76.9052449 39.0834047 100.530
-76.9052849 39.0834079 100.25
-76.9052849 39.0834079 100.25
-76.9053507 39.0834101 99.6400
-76.9053843 39.0834097 99.2290
-76.9053843 39.0834097 99.2290
-76.9054172 39.0834081 98.7590
-76.9054948 39.0833991 97.7000
-76.9055329 39.083392 97.25
-76.90557 39.0833833 96.9000
-76.9056071 39.0833729 96.6500
-76.9056428 39.0833613 96.5300
-76.9056775 39.0833486 96.5600
-76.9057123 39.0833351 96.6700
-76.9057464 39.0833217 96.8600
-76.9057845 39.0833071 97.1100
-76.9058228 39.0832932 97.3800
-76.9058228 39.0832932 97.3800
-76.9058611 39.0832798 97.6300
-76.9058611 39.0832798 97.6300
-76.9059388 39.0832554 98.1300
-76.9059775 39.0832446 98.3500
-76.9060214 39.083233 98.5200
-76.9060214 39.083233 98.5200
-76.9060657 39.0832218 98.6400
-76.9061112 39.0832111 98.6890
-76.9061488 39.0832028 98.68
-76.9061488 39.0832028 98.68
-76.9061864 39.0831948 98.6300
-76.9061864 39.0831948 98.6300
-76.9062249 39.0831867 98.5790
-76.9063009 39.0831722 98.5490
-76.9063386 39.0831671 98.4900
-76.9063781 39.083164 98.43
-76.9064228 39.0831635 98.4000
-76.9064228 39.0831635 98.4000
-76.9064689 39.0831671 98.4200
-76.9065155 39.0831745 98.5
-76.9065554 39.0831833 98.5900
-76.9065951 39.0831942 98.7590
-76.9066352 39.0832071 98.9790
-76.9066736 39.0832208 99.2590
-76.9067119 39.0832354 99.5900
-76.9067119 39.0832354 99.5900
-76.9067495 39.0832503 99.9600
-76.9067865 39.0832653 100.340
-76.9068234 39.0832805 100.650
-76.9068596 39.0832959 100.900
-76.9068596 39.0832959 100.900
-76.9068956 39.0833115 101.100
-76.9069315 39.0833282 101.280
-76.9070022 39.0833714 101.43
-76.9070022 39.0833714 101.43
-76.9070345 39.0834009 101.460
-76.9070605 39.0834353 101.530
-76.9070779 39.0834752 101.659
-76.907085 39.0835175 101.759
-76.907085 39.0835175 101.759
-76.9070813 39.0835614 101.840
-76.9070666 39.083605 101.860
-76.907042 39.0836457 101.82
-76.907042 39.0836457 101.82
-76.9069783 39.083707 101.920
-76.9069399 39.0837323 102.060
-76.9069399 39.0837323 102.060
-76.9068987 39.0837549 102.210
-76.9068561 39.0837754 102.350
-76.9068126 39.0837943 102.399
-76.9067682 39.0838119 102.369
-76.9067236 39.0838276 102.32
-76.9066778 39.0838427 102.259
-76.9066778 39.0838427 102.259
-76.9065853 39.0838715 101.970
-76.9065853 39.0838715 101.970
-76.9065055 39.0838951 101.479
-76.9065055 39.0838951 101.479
-76.9064245 39.083918 101.07
-76.9063844 39.0839291 100.880
-76.9063441 39.0839403 100.670
-76.906304 39.0839514 100.420
-76.9062637 39.0839625 100.18
-76.9062637 39.0839625 100.18
-76.9061841 39.0839853 100.030
-76.9061841 39.0839853 100.030
-76.9061062 39.0840095 99.9390
-76.9060672 39.0840221 99.8900
-76.9060672 39.0840221 99.8900
-76.9059899 39.0840479 99.75
-76.9059181 39.0840709 99.5090
-76.9058855 39.0840811 99.43
-76.9058521 39.0840916 99.3400
-76.9058184 39.0841022 99.2700
-76.9057844 39.0841129 99.25
-76.9057844 39.0841129 99.25
-76.9057505 39.0841235 99.2800
-76.9056832 39.0841442 99.3900
-76.9056495 39.0841545 99.3800
-76.9055843 39.0841745 99.0490
-76.9055525 39.0841842 98.8400
-76.905475 39.0842066 98.2990
-76.905475 39.0842066 98.2990
-76.9053972 39.0842277 97.5490
-76.9053584 39.0842381 97.1890
-76.9053195 39.0842484 96.82