
-76.9026486 39.0831653 98.4700
-76.9026934 39.0831595 98.2700
-76.9027384 39.0831564 98.0790
-76.9027384 39.0831564 98.0790
-76.9027748 39.0831553 97.8800
-76.9028115 39.0831552 97.6890
-76.9028482 39.0831559 97.4390
-76.9028852 39.0831573 97.1590
-76.9028852 39.0831573 97.1590
-76.9029601 39.0831617 96.57
-76.9029601 39.0831617 96.57
-76.9030353 39.0831663 96.2100
-76.9030353 39.0831663 96.2100
-76.9031112 39.0831689 96.0090
-76.9031495 39.0831691 95.93
-76.903187 39.0831687 95.9000
-76.903187 39.0831687 95.9000
-76.9032626 39.0831665 95.8100
-76.903301 39.0831645 95.8290
-76.9033386 39.0831615 95.8800
-76.9033386 39.0831615 95.8800
-76.9033761 39.0831574 95.93
-76.9034129 39.0831526 96.0
-76.9034868 39.0831416 96.0300
-76.9034868 39.0831416 96.0300
-76.9034868 39.0831416 96.0300
-76.9034868 39.0831416 96.0300
-76.9036229 39.0831325 96.9700
-76.9036229 39.0831325 96.9700
-76.9036229 39.0831325 96.9700
-76.9037647 39.0831517 99.68
-76.9037647 39.0831517 99.68
-76.90381 39.0831624 100.57
-76.9038605 39.0831755 101.340
-76.9039096 39.0831894 101.829
-76.903958 39.0832038 102.110
-76.903958 39.0832038 102.110
-76.904006 39.0832183 102.210
-76.904006 39.0832183 102.210
-76.9040543 39.0832332 102.200
-76.9040543 39.0832332 102.200
-76.9041345 39.0832586 102.079
-76.9041345 39.0832586 102.079
-76.904175 39.083271 101.920
-76.904264 39.0832962 101.470
-76.9043124 39.0833093 101.210
-76.9043124 39.0833093 101.210
-76.904362 39.0833226 100.960
-76.9044118 39.0833355 100.799
-76.9044118 39.0833355 100.799
-76.9045137 39.0833603 100.720
-76.9045554 39.0833701 100.780
-76.9045963 39.0833798 100.799
-76.9045963 39.0833798 100.799
-76.9046776 39.0833988 100.720
-76.9046776 39.0833988 100.720
-76.9047187 39.0834072 100.530
-76.9047598 39.0834144 100.290
-76.9048007 39.0834202 99.9700
-76.9048419 39.0834243 99.5
-76.9048831 39.0834265 98.9900
-76.9049251 39.0834268 98.5
-76.9049675 39.0834253 98.0400
-76.9050099 39.0834224 97.5
-76.9050521 39.0834173 96.9900
-76.9050936 39.0834107 96.6100
-76.9051352 39.0834029 96.2290
-76.9051764 39.0833942 95.9700
-76.9052228 39.0833838 95.7290
-76.9052228 39.0833838 95.7290
-76.9053139 39.0833619 95.5490
-76.9053139 39.0833619 95.5490
-76.9053586 39.0833512 95.5200
-76.9054016 39.0833412 95.5300
-76.9054451 39.0833316 95.7590
-76.905482 39.0833237 96.0600
-76.9055191 39.0833161 96.2990
-76.9055191 39.0833161 96.2990
-76.9055941 39.083302 96.6000
-76.9056313 39.0832954 96.6590
-76.9056686 39.0832892 96.6500
-76.9056686 39.0832892 96.6500
-76.9057432 39.083277 96.5200
-76.9057807 39.0832711 96.5200
-76.9057807 39.0832711 96.5200
-76.9058561 39.0832591 96.7200
-76.9058936 39.0832533 96.8290
-76.9059312 39.0832476 96.9390
-76.9059312 39.0832476 96.9390
-76.9059687 39.0832421 97.0490
-76.9060052 39.0832368 97.1890
-76.9060419 39.0832316 97.32
-76.9060835 39.0832254 97.4090
-76.9060835 39.0832254 97.4090
-76.9061645 39.0832143 97.5300
-76.9061645 39.0832143 97.5300
-76.9062053 39.0832094 97.3600
-76.9062466 39.0832048 97.1000
-76.9062466 39.0832048 97.1000
-76.9062883 39.0832007 96.8290
-76.9062883 39.0832007 96.8290
-76.9063922 39.0831972 96.0200
-76.9064552 39.0832016 95.5790
-76.9065074 39.0832093 95.3400
-76.9065074 39.0832093 95.3400
-76.9065599 39.0832201 95.18
-76.9066127 39.0832335 95.0790
-76.9066661 39.0832494 95.0400
-76.9066661 39.0832494 95.0400
-76.9067188 39.0832672 95.0200
-76.9067716 39.0832861 95.0900
-76.9067716 39.0832861 95.0900
-76.9068236 39.0833055 95.1700
-76.9068236 39.0833055 95.1700
-76.9068751 39.0833253 95.2590
-76.9069263 39.0833453 95.3900
-76.9069775 39.0833646 95.4390
-76.9069775 39.0833646 95.4390
-76.907081 39.0834027 95.5490
-76.907081 39.0834027 95.5490
-76.9071316 39.0834208 95.6500
-76.9071831 39.0834384 95.7800
-76.9071831 39.0834384 95.7800
-76.9072343 39.0834554 95.9700
-76.907276 39.0834691 96.2000
-76.9073176 39.0834824 96.4000
-76.907359 39.0834952 96.5400
-76.9073998 39.0835075 96.6500
-76.9074398 39.0835211 96.7590
-76.9074783 39.0835372 96.7700
-76.9074783 39.0835372 96.7700
-76.907546 39.0835802 96.7290
-76.907546 39.0835802 96.7290
-76.9075918 39.0836418 96.8400
-76.9075918 39.0836418 96.8400
-76.9076036 39.0836775 96.93
-76.9076011 39.0837547 97.1000
-76.9076011 39.0837547 97.1000
-76.9075897 39.0837872 97.1890
-76.9075726 39.0838184 97.2800
-76.9075506 39.0838479 97.3500
-76.9075506 39.0838479 97.3500
-76.9075243 39.0838752 97.4390
-76.9074951 39.0838994 97.5600
-76.9074169 39.0839456 98.0400
-76.9073751 39.0839646 98.2700
-76.9073385 39.0839792 98.4200
-76.9073011 39.0839923 98.5200
-76.9072633 39.0840042 98.5490
-76.907225 39.0840155 98.5300