
-76.9028626 39.0831699 96.7800
-76.9029062 39.0831714 96.7000
-76.9029501 39.083173 96.6100
-76.9030364 39.0831737 96.5600
-76.9030364 39.0831737 96.5600
-76.9030787 39.0831729 96.6400
-76.9031209 39.0831708 96.8800
-76.9031624 39.0831677 97.1100
-76.9031624 39.0831677 97.1100
-76.9032041 39.0831638 97.2900
-76.9032793 39.0831549 97.5790
-76.9033142 39.0831506 97.6100
-76.9033142 39.0831506 97.6100
-76.9033486 39.0831463 97.6100
-76.9033828 39.0831422 97.57
-76.9034165 39.0831383 97.4700
-76.9034495 39.083134 97.3400
-76.9034495 39.083134 97.3400
-76.9035185 39.0831263 97.1890
-76.9035185 39.0831263 97.1890
-76.9035937 39.0831249 97.57
-76.9036326 39.0831288 97.9900
-76.9036326 39.0831288 97.9900
-76.9036977 39.0831426 98.9600
-76.9037608 39.0831627 99.9790
-76.9037608 39.0831627 99.9790
-76.9038155 39.0831842 100.740
-76.90384 39.0831946 100.970
-76.9038639 39.0832053 101.159
-76.9038639 39.0832053 101.159
-76.9038874 39.0832163 101.299
-76.9039579 39.0832508 101.540
-76.9039579 39.0832508 101.540
-76.9040609 39.0833021 101.43
-76.9040609 39.0833021 101.43
-76.9041005 39.0833215 101.240
-76.9041401 39.0833407 101.030
-76.9041401 39.0833407 101.030
-76.9041805 39.0833598 100.810
-76.9042215 39.0833788 100.640
-76.904263 39.0833974 100.610
-76.9043042 39.0834154 100.670
-76.9043458 39.0834329 100.790
-76.9043875 39.0834499 100.970
-76.9043875 39.0834499 100.970
-76.9044291 39.0834661 101.110
-76.9044705 39.0834818 101.170
-76.9045118 39.0834973 101.100
-76.9045531 39.0835124 100.979
-76.904595 39.0835259 100.759
-76.9046377 39.0835373 100.479
-76.9046819 39.0835452 100.259
-76.9046819 39.0835452 100.259
-76.9047263 39.0835483 100.140
-76.9047704 39.0835468 100.079
-76.9048126 39.0835417 100.090
-76.9048536 39.0835342 100.060
-76.9048933 39.0835249 100.009
-76.9049316 39.0835146 99.8900
-76.9049316 39.0835146 99.8900
-76.9049694 39.0835035 99.7100
-76.9050062 39.0834914 99.57
-76.9050062 39.0834914 99.57
-76.9050381 39.0834804 99.5090
-76.9050693 39.0834696 99.5
-76.9051005 39.0834587 99.4790
-76.9051005 39.0834587 99.4790
-76.9051324 39.0834478 99.4790
-76.9051643 39.0834372 99.5090
-76.9052435 39.0834126 99.7400
-76.9052918 39.0833987 99.9090
-76.9052918 39.0833987 99.9090
-76.9053407 39.0833855 100.049
-76.9053407 39.0833855 100.049
-76.9053904 39.0833731 100.159
-76.9054302 39.0833637 100.25
-76.9054697 39.0833547 100.280
-76.9055098 39.0833456 100.32
-76.9055098 39.0833456 100.32
-76.9055503 39.0833367 100.329
-76.9055911 39.0833281 100.380
-76.9056326 39.08332 100.450
-76.9056746 39.083312 100.540
-76.9057168 39.0833041 100.670
-76.9057585 39.0832964 100.780
-76.9058009 39.0832884 100.880
-76.9058415 39.0832806 101.020
-76.9058415 39.0832806 101.020
-76.905882 39.0832726 101.119
-76.905882 39.0832726 101.119
-76.905882 39.0832726 101.119
-76.9059944 39.0832491 101.159
-76.9060298 39.0832413 101.130
-76.906065 39.0832334 101.090
-76.9060999 39.0832253 101.009
-76.9061294 39.0832182 100.890
-76.9061873 39.0832036 100.470
-76.9061873 39.0832036 100.470
-76.9062161 39.083196 100.159
-76.9062632 39.0831832 99.4600
-76.9062632 39.0831832 99.4600
-76.9062867 39.083177 99.0600
-76.9063604 39.0831619 97.9000
-76.906386 39.0831589 97.6300
-76.9064187 39.0831569 97.3900
-76.9064522 39.0831569 97.2200
-76.9064858 39.0831591 97.1300
-76.9065192 39.0831634 97.1100
-76.9065587 39.0831712 97.2290
-76.9066342 39.0831934 97.6890
-76.9066342 39.0831934 97.6890
-76.906706 39.0832211 98.1590
-76.906706 39.0832211 98.1590
-76.9067406 39.0832359 98.3400
-76.9067749 39.0832515 98.5090
-76.9067749 39.0832515 98.5090
-76.9068419 39.0832833 98.6500
-76.9068419 39.0832833 98.6500
-76.9069088 39.0833157 98.4600
-76.9069422 39.0833318 98.3290
-76.9069762 39.0833476 98.18
-76.9070104 39.0833629 98.0200
-76.9070452 39.0833778 97.9090
-76.9070809 39.0833921 97.8690
-76.9071168 39.0834057 97.8500
-76.9071536 39.0834187 97.8690
-76.9071848 39.0834294 97.9000
-76.9072158 39.0834397 97.93
-76.9072465 39.0834496 98.0
-76.9073084 39.0834686 98.1400
-76.9073394 39.0834778 98.18
-76.9073704 39.0834868 98.1890
-76.9074016 39.0834966 98.18
-76.9074329 39.0835083 98.1500
-76.9074889 39.0835387 98.2200
-76.9074889 39.0835387 98.2200
-76.9075126 39.0835584 98.2700
-76.9075332 39.083582 98.3290
-76.9075332 39.083582 98.3290
-76.9075494 39.0836085 98.4090
-76.9075609 39.0837316 98.9200
-76.9075609 39.0837316 98.9200
-76.9075383 39.0837772 99.1190
-76.9075383 39.0837772 99.1190
-76.9075028 39.0838166 99.3400
-76.9074585 39.0838488 99.5200
-76.9074091 39.0838733 99.75
-76.9074091 39.0838733 99.75
-76.9073576 39.0838915 99.9900
-76.9073059 39.0839045 100.189