
-76.902895 39.0831785 97.4390
-76.902895 39.0831785 97.4390
-76.9029777 39.0831812 97.0
-76.9029777 39.0831812 97.0
-76.9030617 39.0831815 96.8100
-76.9030617 39.0831815 96.8100
-76.9030617 39.0831815 96.8100
-76.9031509 39.0831784 96.6190
-76.9031975 39.0831758 96.3690
-76.9032448 39.0831725 96.1190
-76.9032448 39.0831725 96.1190
-76.9032917 39.0831684 95.9200
-76.9033849 39.0831579 95.6000
-76.9033849 39.0831579 95.6000
-76.903431 39.0831516 95.4790
-76.9034679 39.0831462 95.3690
-76.9034679 39.0831462 95.3690
-76.903505 39.0831411 95.2800
-76.9035425 39.0831375 95.1500
-76.9035799 39.0831354 94.9700
-76.903647 39.0831372 94.6500
-76.903647 39.0831372 94.6500
-76.9036808 39.0831412 94.5600
-76.9037473 39.0831552 94.5600
-76.9037473 39.0831552 94.5600
-76.9038131 39.0831749 94.7000
-76.9038131 39.0831749 94.7000
-76.9038131 39.0831749 94.7000
-76.9039082 39.0832098 94.7590
-76.9039399 39.0832222 94.7200
-76.9039399 39.0832222 94.7200
-76.9039711 39.0832349 94.6890
-76.9040346 39.0832607 94.4900
-76.9040675 39.0832741 94.43
-76.9041004 39.0832874 94.4000
-76.9041331 39.0833006 94.3690
-76.9041718 39.0833163 94.3400
-76.9042111 39.083332 94.3500
-76.9042111 39.083332 94.3500
-76.9042836 39.0833606 94.43
-76.9043172 39.0833733 94.4600
-76.9043516 39.083386 94.5
-76.9043855 39.083398 94.5490
-76.9044142 39.0834079 94.6000
-76.9044718 39.0834267 94.82
-76.9045006 39.0834355 94.9790
-76.904529 39.0834439 95.2100
-76.9045519 39.0834505 95.43
-76.9045747 39.083457 95.6400
-76.9045974 39.0834634 95.8400
-76.9046199 39.0834697 96.0400
-76.9046641 39.0834818 96.3400
-76.904708 39.0834941 96.5490
-76.9047464 39.0835051 96.75
-76.9047845 39.0835163 96.8500
-76.9048616 39.0835389 96.8800
-76.9049 39.0835497 96.8690
-76.9049 39.0835497 96.8690
-76.9049394 39.0835607 96.8400
-76.9049729 39.0835701 96.8100
-76.9049729 39.0835701 96.8100
-76.9050406 39.0835884 96.7900
-76.9050406 39.0835884 96.7900
-76.9051487 39.0836058 96.7900
-76.9051487 39.0836058 96.7900
-76.9052043 39.0836071 96.6500
-76.9052043 39.0836071 96.6500
-76.9052583 39.0836028 96.6190
-76.9053386 39.0835857 96.7990
-76.9053386 39.0835857 96.7990
-76.9053771 39.0835732 97.0090
-76.9054138 39.0835591 97.2590
-76.9054496 39.0835437 97.5400
-76.9054831 39.0835282 97.7800
-76.9055157 39.083512 98.0200
-76.9055475 39.0834952 98.2400
-76.9055786 39.0834786 98.43
-76.9055786 39.0834786 98.43
-76.9056366 39.0834477 98.7100
-76.9056366 39.0834477 98.7100
-76.9056896 39.0834198 98.75
-76.9057163 39.083406 98.6500
-76.9057431 39.0833924 98.5300
-76.9057702 39.083379 98.4000
-76.9057975 39.083366 98.3400
-76.9058256 39.0833534 98.3900
-76.9058542 39.0833413 98.4000
-76.9058829 39.0833293 98.2990
-76.9058829 39.0833293 98.2990
-76.9059119 39.0833173 98.0900
-76.9059412 39.0833054 97.8100
-76.9059702 39.0832937 97.5400
-76.9060331 39.0832692 97.0900
-76.9060675 39.083256 96.8690
-76.9061019 39.0832432 96.7000
-76.9061364 39.0832305 96.5600
-76.9061364 39.0832305 96.5600
-76.9061705 39.0832181 96.4600
-76.9062051 39.0832059 96.3800
-76.9062399 39.0831936 96.2590
-76.9062742 39.0831816 96.0490
-76.9063085 39.0831708 95.7800
-76.9063436 39.0831619 95.5
-76.9063804 39.0831554 95.1700
-76.9064178 39.0831519 94.8500
-76.906456 39.083152 94.5600
-76.906456 39.083152 94.5600
-76.9064942 39.0831555 94.3500
-76.9065692 39.0831715 94.1700
-76.9065692 39.0831715 94.1700
-76.9066052 39.0831826 94.1590
-76.9066405 39.0831952 94.1400
-76.906675 39.083209 94.0900
-76.906675 39.083209 94.0900
-76.9067419 39.0832388 94.0090
-76.9067419 39.0832388 94.0090
-76.9067695 39.0832519 93.9600
-76.9067966 39.0832648 93.9390
-76.9068241 39.083278 93.9700
-76.9068831 39.0833053 94.1000
-76.9069147 39.0833195 94.2290
-76.9069147 39.0833195 94.2290
-76.9069789 39.0833464 94.5790
-76.9069789 39.0833464 94.5790
-76.9070112 39.0833592 94.75
-76.9070435 39.0833714 94.9000
-76.9070762 39.0833837 95.1190
-76.9071089 39.0833954 95.3690
-76.9071418 39.0834067 95.57
-76.9071738 39.0834183 95.7400
-76.9071738 39.0834183 95.7400
-76.9072005 39.0834299 95.82
-76.9072264 39.0834438 95.8900
-76.9072505 39.0834602 95.9900
-76.9072716 39.0834794 96.1300
-76.9072893 39.0835019 96.3100
-76.9073025 39.0835268 96.5490
-76.9073025 39.0835268 96.5490
-76.9073135 39.0835678 96.9390
-76.907313 39.0836123 97.3100
-76.9073007 39.0836571 97.57
-76.9072666 39.0837139 97.8100
-76.9072666 39.0837139 97.8100
-76.9072266 39.0837566 97.8290
-76.907177 39.083794 97.8690
-76.907177 39.083794 97.8690
-76.9071216 39.0838262 97.8900
-76.9070746 39.083849 97.8100
-76.9070254 39.0838697 97.6000
-76.9070254 39.0838697 97.6000