
-76.9027347 39.0831926 96.6400
-76.9027702 39.0831937 96.8500
-76.9028063 39.0831948 97.0200
-76.9028063 39.0831948 97.0200
-76.9028772 39.0831963 97.2700
-76.9028772 39.0831963 97.2700
-76.9028772 39.0831963 97.2700
-76.9029782 39.0831957 97.4600
-76.9030084 39.0831949 97.4500
-76.9030389 39.0831936 97.4600
-76.9030694 39.0831919 97.43
-76.9030694 39.0831919 97.43
-76.9031413 39.0831861 97.3290
-76.9031776 39.0831822 97.2990
-76.9032129 39.083178 97.3290
-76.9032481 39.0831735 97.3600
-76.9032839 39.0831683 97.3690
-76.9032839 39.0831683 97.3690
-76.903354 39.0831576 97.43
-76.903389 39.0831516 97.5200
-76.9034235 39.0831454 97.6190
-76.9034589 39.0831388 97.6890
-76.9034589 39.0831388 97.6890
-76.9035312 39.083127 98.0
-76.9035312 39.083127 98.0
-76.9036091 39.0831215 98.9900
-76.9036427 39.0831221 99.6590
-76.9036427 39.0831221 99.6590
-76.9036758 39.0831241 100.420
-76.9036758 39.0831241 100.420
-76.903741 39.0831318 102.009
-76.903741 39.0831318 102.009
-76.903741 39.0831318 102.009
-76.9038806 39.0831575 104.670
-76.9038806 39.0831575 104.670
-76.9038806 39.0831575 104.670
-76.9038806 39.0831575 104.670
-76.904016 39.0831874 105.640
-76.9040533 39.0831961 105.610
-76.904091 39.0832049 105.509
-76.9041296 39.0832138 105.369
-76.9041681 39.0832225 105.240
-76.9042015 39.0832299 105.100
-76.9042356 39.0832373 104.990
-76.9042702 39.0832446 104.909
-76.9043046 39.083252 104.850
-76.9043334 39.083258 104.799
-76.9043623 39.0832641 104.770
-76.9043914 39.0832703 104.720
-76.9044209 39.0832764 104.670
-76.9044505 39.0832825 104.590
-76.9044795 39.0832883 104.520
-76.9045145 39.0832952 104.420
-76.9045857 39.0833088 104.270
-76.9045857 39.0833088 104.270
-76.9046569 39.083322 104.130
-76.9046569 39.083322 104.130
-76.9047299 39.0833353 104.030
-76.9047664 39.083342 103.990
-76.9048023 39.0833487 103.960
-76.9048386 39.0833555 103.890
-76.904875 39.0833622 103.759
-76.904911 39.0833685 103.630
-76.9049835 39.08338 103.399
-76.9050193 39.0833854 103.340
-76.9050553 39.0833907 103.25
-76.9050915 39.0833959 103.149
-76.9051282 39.0834009 103.100
-76.9051645 39.0834057 103.079
-76.9051645 39.0834057 103.079
-76.9052372 39.0834143 103.020
-76.9052976 39.083419 102.68
-76.9053277 39.0834202 102.380
-76.9053277 39.0834202 102.380
-76.905417 39.0834189 101.07
-76.9054467 39.0834164 100.579
-76.9054992 39.0834095 99.7400
-76.9054992 39.0834095 99.7400
-76.9055453 39.0834008 99.0790
-76.9055453 39.0834008 99.0790
-76.9055902 39.0833901 98.5400
-76.9056343 39.0833777 98.1000
-76.9056343 39.0833777 98.1000
-76.9057204 39.08335 97.5600
-76.9057632 39.0833353 97.4600
-76.9057842 39.0833281 97.43
-76.9058057 39.0833208 97.4000
-76.9058272 39.0833136 97.3900
-76.9058917 39.0832924 97.3900
-76.9059129 39.0832857 97.3800
-76.9059347 39.0832789 97.3690
-76.9059618 39.0832707 97.3500
-76.9060433 39.0832477 97.2400
-76.9060433 39.0832477 97.2400
-76.9060702 39.0832406 97.1590
-76.9061251 39.0832266 97.0200
-76.9061529 39.0832199 96.9600
-76.9061808 39.0832134 96.9090
-76.9062089 39.0832071 96.8600
-76.9062366 39.0832012 96.82
-76.9062648 39.0831953 96.7700
-76.906321 39.083185 96.7290
-76.9063494 39.083181 96.7000
-76.9063954 39.083177 96.6700
-76.9064425 39.0831768 96.6590
-76.9064905 39.0831813 96.68
-76.9065379 39.0831898 96.7900
-76.9065379 39.0831898 96.7900
-76.9065855 39.0832017 96.9900
-76.9066325 39.0832163 97.2800
-76.9066325 39.0832163 97.2800
-76.9066776 39.0832328 97.6100
-76.9067231 39.0832509 97.9000
-76.906767 39.0832695 98.1300
-76.906805 39.0832857 98.32
-76.906805 39.0832857 98.32
-76.9068828 39.0833175 98.7700
-76.9069206 39.0833326 98.9700
-76.9069582 39.0833479 99.1190
-76.9069582 39.0833479 99.1190
-76.9069959 39.083363 99.2200
-76.9070337 39.0833781 99.3690
-76.9070658 39.0833912 99.5400
-76.9070981 39.0834042 99.6890
-76.9071303 39.0834177 99.82
-76.9071619 39.0834322 99.8400
-76.9071917 39.0834484 99.8690
-76.9071917 39.0834484 99.8690
-76.9072522 39.0834981 100.049
-76.9072522 39.0834981 100.049
-76.9072739 39.0835282 100.170
-76.9072892 39.083562 100.350
-76.9072892 39.083562 100.350
-76.9072991 39.0836337 100.479
-76.9072941 39.0836701 100.390
-76.9072941 39.0836701 100.390
-76.9072812 39.0837061 100.240
-76.9072338 39.0837719 99.8500
-76.9072017 39.0838002 99.6890
-76.9072017 39.0838002 99.6890
-76.9071653 39.0838258 99.5400
-76.9071261 39.0838482 99.3690
-76.9070843 39.0838678 99.2990
-76.9070346 39.0838876 99.1590
-76.9069825 39.0839048 99.1400
-76.9069298 39.0839197 99.1590
-76.9068699 39.0839349 99.1700
-76.9068113 39.0839485 99.0900
-76.9068113 39.0839485 99.0900
-76.9067516 39.0839614 99.0490