
-76.902893 39.0831215 97.2290
-76.9029351 39.0831227 97.43
-76.9029351 39.0831227 97.43
-76.9029766 39.083124 97.6300
-76.9030178 39.0831255 97.82
-76.9031075 39.0831283 98.1590
-76.9031075 39.0831283 98.1590
-76.9031553 39.0831291 98.2400
-76.9032038 39.0831293 98.2290
-76.9032452 39.0831283 98.18
-76.903287 39.0831266 98.1000
-76.903287 39.0831266 98.1000
-76.9033656 39.0831228 98.0200
-76.903402 39.0831206 97.9390
-76.9034753 39.0831153 97.7590
-76.9035126 39.0831132 97.7990
-76.9035503 39.0831125 97.9390
-76.9035889 39.0831133 98.2000
-76.9036278 39.0831163 98.5900
-76.903667 39.0831219 99.1100
-76.903705 39.0831296 99.7290
-76.9037421 39.0831392 100.400
-76.9038129 39.083162 101.759
-76.9038129 39.083162 101.759
-76.9038476 39.0831748 102.380
-76.903881 39.0831882 102.909
-76.9039574 39.0832217 103.82
-76.9039945 39.083239 104.090
-76.9040312 39.0832566 104.210
-76.9040312 39.0832566 104.210
-76.9040674 39.0832744 104.200
-76.904103 39.0832922 104.030
-76.904103 39.0832922 104.030
-76.9041762 39.0833295 103.43
-76.9042122 39.083348 103.040
-76.9042871 39.0833856 102.100
-76.9043249 39.083404 101.579
-76.9043638 39.0834222 101.119
-76.9044031 39.08344 100.720
-76.9044439 39.0834579 100.340
-76.9044439 39.0834579 100.340
-76.9044849 39.0834753 99.9700
-76.9045262 39.0834923 99.6190
-76.9045678 39.0835086 99.3100
-76.9046097 39.0835229 99.0300
-76.9046097 39.0835229 99.0300
-76.9046974 39.083544 98.6000
-76.9047414 39.0835495 98.4790
-76.9047862 39.0835517 98.3900
-76.9047862 39.0835517 98.3900
-76.9048377 39.0835503 98.3500
-76.9048874 39.0835457 98.2700
-76.9049364 39.0835377 98.3100
-76.9049831 39.0835274 98.4900
-76.9050347 39.0835132 98.7900
-76.9050347 39.0835132 98.7900
-76.9050836 39.0834979 99.0090
-76.9051259 39.0834839 99.2000
-76.905167 39.0834699 99.43
-76.9052078 39.0834556 99.7100
-76.9052488 39.0834413 99.9790
-76.9052893 39.0834275 100.259
-76.9052893 39.0834275 100.259
-76.9053309 39.0834139 100.439
-76.9053728 39.0834006 100.490
-76.9054098 39.0833894 100.450
-76.9054469 39.0833785 100.390
-76.9054469 39.0833785 100.390
-76.9055218 39.0833582 100.32
-76.9055218 39.0833582 100.32
-76.9056099 39.0833363 100.030
-76.905655 39.0833258 99.8290
-76.905655 39.0833258 99.8290
-76.9057464 39.083307 99.3600
-76.9057464 39.083307 99.3600
-76.9057935 39.0832981 99.1500
-76.9058346 39.0832905 99.0200
-76.9058756 39.0832828 98.9200
-76.9058756 39.0832828 98.9200
-76.9059589 39.0832669 98.82
-76.9060003 39.0832587 98.7900
-76.9060476 39.0832489 98.8400
-76.9060476 39.0832489 98.8400
-76.9060951 39.0832387 98.9390
-76.9061349 39.0832297 99.0300
-76.9061744 39.0832207 99.0490
-76.9061744 39.0832207 99.0490
-76.9062135 39.0832118 98.9390
-76.9062519 39.0832026 98.6300
-76.9062519 39.0832026 98.6300
-76.9063826 39.0831739 96.6100
-76.9063826 39.0831739 96.6100
-76.9064411 39.0831688 95.7990
-76.9065011 39.0831698 95.1500
-76.9065011 39.0831698 95.1500
-76.9065627 39.0831773 94.7100
-76.9066244 39.0831916 94.7290
-76.9066244 39.0831916 94.7290
-76.9066244 39.0831916 94.7290
-76.9066244 39.0831916 94.7290
-76.9067206 39.0832231 95.5200
-76.906767 39.0832408 96.0
-76.9068579 39.0832776 96.8900
-76.9069021 39.0832959 97.2900
-76.9069021 39.0832959 97.2900
-76.9069525 39.0833168 97.6000
-76.9070028 39.0833376 97.82
-76.9070529 39.0833582 97.9500
-76.9070529 39.0833582 97.9500
-76.9071038 39.0833786 97.8800
-76.9071545 39.0833983 97.68
-76.9071545 39.0833983 97.68
-76.9072061 39.0834177 97.4000
-76.9072061 39.0834177 97.4000
-76.9073096 39.0834578 96.6590
-76.9073096 39.0834578 96.6590
-76.9074009 39.0835221 95.7000
-76.9074009 39.0835221 95.7000
-76.9074299 39.0835682 95.4700
-76.9074299 39.0835682 95.4700
-76.9074415 39.0836231 95.5
-76.9074378 39.0836693 95.6100
-76.9074225 39.0837156 95.75
-76.9073955 39.0837586 95.9700
-76.9073608 39.0837969 96.25
-76.9073218 39.0838307 96.5600
-76.9072792 39.0838607 96.9090
-76.9072792 39.0838607 96.9090
-76.9072341 39.0838869 97.2700
-76.9071383 39.0839289 98.0790
-76.9071383 39.0839289 98.0790
-76.9070904 39.0839466 98.57
-76.9070498 39.0839606 98.9600
-76.9070093 39.0839738 99.2800
-76.9069273 39.0839991 99.7000
-76.9068861 39.0840113 99.8400
-76.9068451 39.0840231 99.9700
-76.9068034 39.0840347 100.07
-76.9068034 39.0840347 100.07
-76.9067268 39.0840552 100.189
-76.9066918 39.0840645 100.200
-76.906657 39.0840736 100.220
-76.9066215 39.0840828 100.259
-76.9065862 39.084092 100.280
-76.9065862 39.084092 100.280
-76.9064653 39.0841227 100.350
-76.9064222 39.0841334 100.369
-76.9063791 39.0841441 100.380
-76.9063353 39.0841549 100.380
-76.9062924 39.0841656 100.299