
-76.9027034 39.0831852 99.4090
-76.9027583 39.0831861 99.57
-76.9028133 39.0831888 99.6190
-76.9028133 39.0831888 99.6190
-76.9028459 39.0831909 99.5900
-76.9028459 39.0831909 99.5900
-76.9029442 39.0831967 99.2800
-76.9029442 39.0831967 99.2800
-76.9029442 39.0831967 99.2800
-76.9029442 39.0831967 99.2800
-76.9030775 39.0832003 98.7000
-76.9031114 39.0832002 98.6100
-76.9031448 39.0831995 98.5490
-76.9031791 39.0831982 98.5400
-76.9032135 39.0831965 98.57
-76.9032481 39.0831941 98.6590
-76.9032825 39.0831912 98.7400
-76.903316 39.083188 98.7990
-76.9033501 39.0831843 98.8400
-76.9033839 39.0831802 98.8800
-76.9034177 39.0831759 98.9200
-76.9034516 39.0831713 98.8800
-76.9034516 39.0831713 98.8800
-76.9034516 39.0831713 98.8800
-76.9035193 39.083161 98.7800
-76.9035193 39.083161 98.7800
-76.9036213 39.0831436 98.6590
-76.9036213 39.0831436 98.6590
-76.9036213 39.0831436 98.6590
-76.9037206 39.0831257 98.6000
-76.9037206 39.0831257 98.6000
-76.9037692 39.0831165 98.6000
-76.9038083 39.0831089 98.6300
-76.9038083 39.0831089 98.6300
-76.9038852 39.0830938 98.7200
-76.9039228 39.0830864 98.7400
-76.9039228 39.0830864 98.7400
-76.903961 39.0830788 98.7700
-76.903999 39.0830712 98.8100
-76.9040367 39.0830637 98.7800
-76.9040743 39.0830562 98.7400
-76.9041113 39.083049 98.68
-76.9041113 39.083049 98.68
-76.9041858 39.0830344 98.4790
-76.9041858 39.0830344 98.4790
-76.904223 39.0830273 98.3800
-76.9042559 39.0830211 98.2990
-76.9042559 39.0830211 98.2990
-76.9043206 39.0830089 98.2700
-76.9043525 39.0830029 98.2900
-76.9043848 39.0829967 98.3400
-76.904416 39.0829906 98.4500
-76.904416 39.0829906 98.4500
-76.9044466 39.0829847 98.5300
-76.904477 39.0829788 98.5790
-76.9045391 39.0829665 98.6000
-76.9045391 39.0829665 98.6000
-76.9045702 39.0829601 98.6100
-76.9046014 39.0829536 98.6190
-76.904633 39.0829468 98.6190
-76.904665 39.08294 98.6300
-76.9047315 39.0829284 98.7990
-76.9047672 39.0829255 99.1300
-76.9047672 39.0829255 99.1300
-76.9048042 39.0829254 99.7100
-76.9048769 39.0829328 101.259
-76.9048769 39.0829328 101.259
-76.9049123 39.0829394 102.130
-76.9049475 39.0829472 102.979
-76.9049817 39.0829559 103.710
-76.9049817 39.0829559 103.710
-76.9050582 39.0829778 104.860
-76.9050582 39.0829778 104.860
-76.9050961 39.0829897 105.170
-76.9051336 39.083002 105.350
-76.9051712 39.0830147 105.450
-76.9051712 39.0830147 105.450
-76.9052414 39.0830385 105.380
-76.9052746 39.0830498 105.25
-76.9053077 39.083061 105.07
-76.9053077 39.083061 105.07
-76.9053408 39.0830722 104.880
-76.9053747 39.0830836 104.740
-76.9054428 39.0831057 104.450
-76.9054771 39.0831159 104.340
-76.9055116 39.0831259 104.270
-76.9055462 39.0831356 104.32
-76.9055462 39.0831356 104.32
-76.9056154 39.0831543 104.43
-76.9056496 39.0831633 104.450
-76.9056834 39.0831723 104.460
-76.9057183 39.0831814 104.470
-76.9057528 39.0831904 104.450
-76.9057528 39.0831904 104.450
-76.9057868 39.0831992 104.409
-76.905821 39.0832082 104.369
-76.905855 39.0832169 104.310
-76.9058892 39.0832256 104.25
-76.905923 39.0832343 104.159
-76.905957 39.083243 104.100
-76.9059909 39.0832517 104.100
-76.9060247 39.0832595 104.060
-76.9060247 39.0832595 104.060
-76.906064 39.0832667 103.880
-76.906142 39.0832743 103.040
-76.9061804 39.0832743 102.43
-76.9061804 39.0832743 102.43
-76.9062191 39.0832711 101.860
-76.9062568 39.0832647 101.380
-76.9062888 39.0832564 101.040
-76.9063197 39.0832461 100.770
-76.9063499 39.0832345 100.640
-76.9063798 39.0832236 100.590
-76.9063798 39.0832236 100.590
-76.9064313 39.0832085 100.369
-76.9064578 39.0832035 100.220
-76.9065129 39.0831995 99.7990
-76.9065465 39.0832012 99.6000
-76.9065465 39.0832012 99.6000
-76.9066175 39.0832125 99.3290
-76.9066529 39.0832208 99.1590
-76.9066529 39.0832208 99.1590
-76.906725 39.0832425 98.6400
-76.906725 39.0832425 98.6400
-76.906725 39.0832425 98.6400
-76.9067903 39.0832672 98.2800
-76.9068498 39.0832926 97.9900
-76.9068792 39.0833058 97.9090
-76.9069086 39.0833192 97.8500
-76.9069086 39.0833192 97.8500
-76.9069328 39.0833301 97.8100
-76.907005 39.0833625 97.8290
-76.9070294 39.0833733 97.8900
-76.9070294 39.0833733 97.8900
-76.9070535 39.0833839 97.9500
-76.9071071 39.0834075 98.0300
-76.9071639 39.0834379 98.0090
-76.9071907 39.0834564 97.9700
-76.9072457 39.0835106 97.8690
-76.9072457 39.0835106 97.8690
-76.907266 39.0835435 97.8500
-76.9072779 39.0835745 97.9000
-76.9072837 39.0836409 98.1590
-76.9072767 39.0836748 98.3600
-76.9072633 39.0837075 98.5900
-76.9072443 39.0837384 98.8290
-76.9072207 39.0837669 99.0490
-76.9071934 39.0837929 99.25
-76.9071632 39.0838165 99.4390
-76.907131 39.0838379 99.6190