
-76.9026625 39.0831915 95.3400
-76.9027371 39.0831914 95.3400
-76.9027746 39.0831923 95.25
-76.902813 39.0831937 95.0490
-76.9028522 39.0831951 94.7400
-76.9028522 39.0831951 94.7400
-76.9028922 39.0831967 94.5200
-76.902932 39.0831983 94.5
-76.9029722 39.0831992 94.5400
-76.9030115 39.0831997 94.6190
-76.9030115 39.0831997 94.6190
-76.9030508 39.0831999 94.7100
-76.9030898 39.0831995 94.7900
-76.9031281 39.0831982 94.8290
-76.9031665 39.0831958 94.82
-76.9032044 39.0831926 94.7800
-76.9032428 39.0831885 94.7200
-76.9032806 39.0831839 94.6500
-76.9033191 39.0831786 94.5900
-76.9033572 39.0831729 94.5900
-76.9033572 39.0831729 94.5900
-76.903433 39.0831599 94.57
-76.903433 39.0831599 94.57
-76.9034709 39.083153 94.5600
-76.9035099 39.0831464 94.5900
-76.903549 39.0831415 94.6400
-76.9036291 39.083137 94.7000
-76.9036291 39.083137 94.7000
-76.9036291 39.083137 94.7000
-76.9037053 39.083142 94.7700
-76.9037053 39.083142 94.7700
-76.9037769 39.0831553 94.9700
-76.9038121 39.0831643 95.1000
-76.9038469 39.0831747 95.25
-76.9038811 39.0831863 95.43
-76.9039148 39.083199 95.6100
-76.9039469 39.0832118 95.7900
-76.9039788 39.0832252 95.9500
-76.9039788 39.0832252 95.9500
-76.9040096 39.0832386 96.1000
-76.9040096 39.0832386 96.1000
-76.9040096 39.0832386 96.1000
-76.9041026 39.0832801 96.3100
-76.9041797 39.0833147 96.0900
-76.9041797 39.0833147 96.0900
-76.9042733 39.0833542 95.57
-76.9042733 39.0833542 95.57
-76.9043221 39.0833731 95.4200
-76.9043221 39.0833731 95.4200
-76.9043721 39.0833915 95.2400
-76.9043721 39.0833915 95.2400
-76.9044749 39.0834272 95.1100
-76.9044749 39.0834272 95.1100
-76.9045277 39.0834441 95.1700
-76.9045808 39.0834603 95.3400
-76.9045808 39.0834603 95.3400
-76.9046343 39.0834762 95.57
-76.9046816 39.08349 95.7990
-76.9047286 39.0835038 95.9700
-76.9047286 39.0835038 95.9700
-76.9048226 39.083532 96.1590
-76.9048226 39.083532 96.1590
-76.9048699 39.0835455 96.2700
-76.9049174 39.0835589 96.3690
-76.9049174 39.0835589 96.3690
-76.9049555 39.0835695 96.57
-76.904993 39.0835799 96.8100
-76.9050307 39.0835896 97.0790
-76.905069 39.0835979 97.3400
-76.905107 39.0836044 97.5300
-76.9051517 39.0836091 97.75
-76.9051964 39.0836102 97.9200
-76.9052409 39.0836069 98.1100
-76.9052851 39.0835992 98.4000
-76.9053267 39.0835885 98.68
-76.9053267 39.0835885 98.68
-76.9054004 39.0835635 98.9700
-76.9054004 39.0835635 98.9700
-76.905433 39.0835503 98.9900
-76.9054648 39.0835364 98.9790
-76.9054962 39.0835217 98.9390
-76.9055221 39.0835089 98.8900
-76.9055472 39.083496 98.8100
-76.9055718 39.083483 98.7100
-76.9055962 39.0834699 98.5600
-76.9056203 39.083457 98.4000
-76.9056489 39.0834417 98.18
-76.9056776 39.0834265 97.9500
-76.9057065 39.0834115 97.75
-76.9057359 39.0833966 97.57
-76.9057655 39.0833819 97.43
-76.9057954 39.0833675 97.32
-76.9057954 39.0833675 97.32
-76.905857 39.0833395 97.1190
-76.905857 39.0833395 97.1190
-76.905888 39.0833263 97.0300
-76.9059335 39.0833077 96.9000
-76.9059335 39.0833077 96.9000
-76.9060261 39.0832716 96.4900
-76.9060718 39.0832548 96.1890
-76.9060718 39.0832548 96.1890
-76.9061076 39.0832419 95.9000
-76.9061437 39.083229 95.6000
-76.9061803 39.083216 95.3100
-76.9062122 39.0832049 95.07
-76.9062439 39.0831937 94.8900
-76.906276 39.0831824 94.7800
-76.9063085 39.0831722 94.6700
-76.9063085 39.0831722 94.6700
-76.9063416 39.0831637 94.5600
-76.9063759 39.0831577 94.4790
-76.906411 39.0831545 94.3800
-76.9064467 39.0831544 94.3100
-76.9064829 39.0831575 94.2990
-76.9065237 39.0831644 94.3400
-76.9065636 39.0831748 94.43
-76.9066029 39.0831879 94.5090
-76.9066457 39.0832054 94.5900
-76.9066457 39.0832054 94.5900
-76.9066457 39.0832054 94.5900
-76.9066457 39.0832054 94.5900
-76.9067297 39.0832458 94.68
-76.9067297 39.0832458 94.68
-76.9068542 39.0833082 94.4900
-76.9068542 39.0833082 94.4900
-76.9068542 39.0833082 94.4900
-76.9068967 39.0833279 94.5
-76.9069393 39.0833469 94.5490
-76.906983 39.0833649 94.6700
-76.9070215 39.0833799 94.8500
-76.9070215 39.0833799 94.8500
-76.907097 39.0834102 95.2700
-76.907097 39.0834102 95.2700
-76.907097 39.0834102 95.2700
-76.9071651 39.083451 95.4600
-76.9071651 39.083451 95.4600
-76.9071919 39.0834784 95.5790
-76.9072194 39.0835465 96.1000
-76.9072194 39.0835465 96.1000
-76.9072189 39.0835838 96.4390
-76.9072098 39.0836204 96.7400
-76.9072098 39.0836204 96.7400
-76.9071672 39.0836909 97.0490
-76.9071357 39.0837219 97.1000
-76.9071357 39.0837219 97.1000
-76.9070986 39.0837492 97.2290
-76.9070581 39.0837729 97.4500
-76.9070581 39.0837729 97.4500
-76.9070153 39.0837939 97.7200
-76.9069718 39.0838126 97.9090