
-76.9025665 39.0831973 95.6500
-76.9026028 39.0831878 95.7100
-76.9026402 39.0831809 95.7800
-76.9027287 39.0831723 95.93
-76.9027287 39.0831723 95.93
-76.9027731 39.083171 95.9900
-76.9028181 39.0831708 96.0
-76.9028624 39.0831712 96.0300
-76.9029071 39.083172 96.0790
-76.9029461 39.0831729 96.1000
-76.9029461 39.0831729 96.1000
-76.9030241 39.0831748 96.1000
-76.9030639 39.0831758 96.1190
-76.9030971 39.0831764 96.1190
-76.9031302 39.0831768 96.1300
-76.9031635 39.0831767 96.1190
-76.903197 39.083176 96.1400
-76.9032302 39.0831748 96.1700
-76.9032572 39.0831735 96.1890
-76.9032843 39.0831719 96.2200
-76.9033115 39.0831699 96.25
-76.9033919 39.083162 96.3900
-76.9034185 39.0831588 96.4700
-76.9034512 39.0831546 96.5400
-76.9034846 39.0831502 96.5600
-76.9035177 39.0831462 96.57
-76.9035508 39.083143 96.5600
-76.9035906 39.0831403 96.5200
-76.9035906 39.0831403 96.5200
-76.9036319 39.0831392 96.4600
-76.9037126 39.0831435 96.3290
-76.9037601 39.0831502 96.3500
-76.9038067 39.0831597 96.5090
-76.9038522 39.0831718 96.7700
-76.9038964 39.0831858 97.07
-76.9038964 39.0831858 97.07
-76.9039406 39.0832015 97.3600
-76.9039834 39.0832181 97.6500
-76.9040265 39.0832357 97.8600
-76.9040682 39.0832534 97.9200
-76.9041117 39.083272 97.9000
-76.904154 39.0832904 97.82
-76.9041964 39.0833088 97.7400
-76.9041964 39.0833088 97.7400
-76.9042385 39.0833272 97.5790
-76.9042814 39.0833455 97.4000
-76.9043247 39.0833637 97.2400
-76.9043247 39.0833637 97.2400
-76.9044135 39.0833983 96.9200
-76.9044135 39.0833983 96.9200
-76.9044577 39.0834143 96.82
-76.9045017 39.0834298 96.8600
-76.9045454 39.0834449 96.93
-76.9045831 39.0834575 96.9790
-76.9046202 39.0834696 97.0900
-76.9046571 39.0834814 97.2000
-76.9046937 39.0834928 97.2590
-76.9046937 39.0834928 97.2590
-76.9047243 39.0835023 97.2590
-76.9047844 39.0835209 97.2290
-76.9048148 39.0835304 97.1500
-76.9048452 39.0835398 97.0
-76.9048755 39.0835492 96.8100
-76.9049371 39.0835678 96.3900
-76.9049686 39.0835766 96.2200
-76.9050004 39.0835852 96.07
-76.9050321 39.0835933 95.9200
-76.905064 39.0836002 95.8100
-76.9050971 39.083606 95.7000
-76.9050971 39.083606 95.7000
-76.9051303 39.0836102 95.5790
-76.9051303 39.0836102 95.5790
-76.9052314 39.0836112 95.1700
-76.9052976 39.0836003 95.1100
-76.9053344 39.0835908 95.1100
-76.9053701 39.0835798 95.07
-76.9054051 39.0835672 95.0200
-76.9054389 39.083553 95.0600
-76.9054389 39.083553 95.0600
-76.9055112 39.0835168 95.4090
-76.9055451 39.0834984 95.7000
-76.9055451 39.0834984 95.7000
-76.9055784 39.0834807 95.9000
-76.9056106 39.0834633 96.0
-76.9056424 39.0834461 96.0490
-76.9056424 39.0834461 96.0490
-76.9057062 39.0834121 96.1400
-76.9057062 39.0834121 96.1400
-76.9057381 39.0833954 96.07
-76.9057666 39.083381 96.0090
-76.9057953 39.0833674 95.9390
-76.9058251 39.0833541 95.8290
-76.9058552 39.0833413 95.6500
-76.9058853 39.0833291 95.4790
-76.9059165 39.0833172 95.3500
-76.9059165 39.0833172 95.3500
-76.9059807 39.0832938 95.2000
-76.9060123 39.0832821 95.0790
-76.906044 39.0832703 95.0200
-76.9060754 39.0832586 94.9600
-76.9061068 39.0832465 94.9000
-76.9061387 39.0832342 94.8800
-76.9061702 39.0832223 94.8400
-76.9062017 39.0832105 94.7900
-76.9062336 39.0831986 94.7290
-76.9062658 39.0831864 94.6300
-76.9062975 39.0831746 94.5600
-76.9063307 39.0831637 94.5200
-76.9063652 39.0831549 94.4900
-76.9064 39.0831489 94.5
-76.9064 39.0831489 94.5
-76.9064357 39.0831461 94.5600
-76.9064723 39.083147 94.6590
-76.9065087 39.0831515 94.8500
-76.906544 39.0831587 95.07
-76.9065784 39.083168 95.2900
-76.9066122 39.0831791 95.4900
-76.9066449 39.0831915 95.7590
-76.9066812 39.0832071 96.07
-76.9067168 39.0832234 96.2800
-76.9067519 39.0832403 96.4200
-76.9067818 39.083255 96.5400
-76.9068126 39.0832699 96.6890
-76.906843 39.0832843 96.8290
-76.9068738 39.0832985 96.9000
-76.9068738 39.0832985 96.9000
-76.9069363 39.0833264 96.9700
-76.9069363 39.0833264 96.9700
-76.9069679 39.0833398 96.9790
-76.9069996 39.0833528 97.0
-76.907031 39.0833654 97.0090
-76.907031 39.0833654 97.0090
-76.9070626 39.0833778 97.0400
-76.9070947 39.0833901 97.07
-76.9071641 39.0834171 97.0900
-76.907202 39.0834324 97.1190
-76.9072397 39.083448 97.1300
-76.9072774 39.0834641 97.0790
-76.9073146 39.0834803 96.9500
-76.9073146 39.0834803 96.9500
-76.9073522 39.0834969 96.7700
-76.9073846 39.0835107 96.6000
-76.9074179 39.0835235 96.3600
-76.9074519 39.0835347 95.9500
-76.9074519 39.0835347 95.9500
-76.9075198 39.0835532 94.4600
-76.9075544 39.0835611 93.3100
-76.9075544 39.0835611 93.3100
-76.9075893 39.0835677 92.0600
-76.9076248 39.0835728 90.7990