
-76.902828 39.0831774 96.9790
-76.902828 39.0831774 96.9790
-76.902828 39.0831774 96.9790
-76.9029267 39.083182 96.6700
-76.9029267 39.083182 96.6700
-76.9030144 39.0831844 96.4390
-76.9030144 39.0831844 96.4390
-76.9030532 39.0831845 96.3500
-76.90313 39.0831829 96.2100
-76.90313 39.0831829 96.2100
-76.9031681 39.083181 96.1890
-76.9032062 39.0831782 96.2000
-76.9032449 39.0831748 96.2290
-76.903282 39.0831708 96.25
-76.903282 39.0831708 96.25
-76.9033195 39.0831659 96.2900
-76.9033927 39.0831551 96.3900
-76.9033927 39.0831551 96.3900
-76.9034346 39.0831486 96.4600
-76.9034765 39.0831415 96.4500
-76.9035193 39.0831339 96.4900
-76.9035193 39.0831339 96.4900
-76.9035634 39.0831268 96.7700
-76.9036107 39.0831217 97.3500
-76.9036588 39.0831202 98.1590
-76.9037066 39.0831218 99.0490
-76.9037066 39.0831218 99.0490
-76.9037551 39.0831261 99.9790
-76.903802 39.083132 100.850
-76.9038478 39.0831392 101.579
-76.9038478 39.0831392 101.579
-76.9038478 39.0831392 101.579
-76.9039378 39.0831573 102.740
-76.9039738 39.0831653 103.0
-76.904009 39.0831736 103.079
-76.9040445 39.0831823 103.07
-76.9040806 39.0831916 103.009
-76.9041111 39.0831995 102.950
-76.904142 39.0832076 102.850
-76.9041734 39.0832158 102.790
-76.9042053 39.083224 102.740
-76.9042382 39.0832324 102.659
-76.9043041 39.0832489 102.470
-76.9043375 39.0832568 102.420
-76.9043375 39.0832568 102.420
-76.9044039 39.0832717 102.310
-76.9044375 39.0832789 102.299
-76.904471 39.0832858 102.32
-76.904532 39.0832983 102.450
-76.9045595 39.0833037 102.509
-76.9045867 39.0833089 102.540
-76.9046141 39.0833139 102.590
-76.9046696 39.0833237 102.75
-76.9047246 39.083333 102.890
-76.9047699 39.0833403 103.0
-76.9048153 39.0833473 103.07
-76.9048153 39.0833473 103.07
-76.9048606 39.0833544 103.149
-76.9049062 39.0833615 103.170
-76.9049512 39.0833682 103.079
-76.9049906 39.0833737 103.020
-76.9050303 39.0833792 103.030
-76.9050694 39.0833845 103.040
-76.9051094 39.0833901 103.030
-76.9051495 39.0833958 103.009
-76.9051883 39.0834012 102.990
-76.905228 39.0834063 102.990
-76.9052679 39.0834105 102.950
-76.9052679 39.0834105 102.950
-76.9053008 39.0834131 102.840
-76.9053334 39.0834151 102.630
-76.9053659 39.0834164 102.299
-76.9053659 39.0834164 102.299
-76.9054611 39.0834141 100.869
-76.9054919 39.0834111 100.380
-76.9055386 39.0834043 99.7100
-76.9055852 39.0833946 99.1700
-76.9056356 39.0833816 98.7800
-76.9056356 39.0833816 98.7800
-76.9056853 39.0833666 98.6000
-76.9057239 39.0833542 98.5790
-76.9057239 39.0833542 98.5790
-76.9057239 39.0833542 98.5790
-76.9057999 39.0833282 98.8500
-76.9058372 39.0833154 99.0790
-76.9058742 39.0833029 99.25
-76.9059111 39.0832908 99.4390
-76.9059481 39.0832785 99.6000
-76.9059481 39.0832785 99.6000
-76.9059854 39.0832663 99.7100
-76.9060223 39.0832544 99.7990
-76.90606 39.0832429 99.8690
-76.9060925 39.0832333 99.8800
-76.9060925 39.0832333 99.8800
-76.9061578 39.0832147 99.9090
-76.9061912 39.0832058 99.8900
-76.9062199 39.0831986 99.8600
-76.9062199 39.0831986 99.8600
-76.9062491 39.0831917 99.7900
-76.9062789 39.0831852 99.6700
-76.9062789 39.0831852 99.6700
-76.9063401 39.0831747 99.2990
-76.9063776 39.0831713 99.0900
-76.9064162 39.0831709 98.9600
-76.9064952 39.0831795 98.7990
-76.9065345 39.0831884 98.8800
-76.90658 39.0832014 99.0090
-76.90658 39.0832014 99.0090
-76.9066237 39.083216 99.1400
-76.906661 39.0832299 99.2290
-76.9066971 39.0832444 99.25
-76.9067325 39.0832593 99.25
-76.9068063 39.0832914 98.8690
-76.9068063 39.0832914 98.8690
-76.9068454 39.0833088 98.5600
-76.9068844 39.0833261 98.2000
-76.9069236 39.0833435 97.8400
-76.9069236 39.0833435 97.8400
-76.9069634 39.0833609 97.5
-76.9070027 39.0833776 97.1700
-76.9070832 39.0834092 96.6700
-76.9070832 39.0834092 96.6700
-76.907124 39.0834246 96.5
-76.9071642 39.0834397 96.3800
-76.9071642 39.0834397 96.3800
-76.9072435 39.0834675 96.07
-76.9072435 39.0834675 96.07
-76.9072821 39.0834803 95.9900
-76.90732 39.0834945 95.8690
-76.90732 39.0834945 95.8690
-76.9073557 39.0835112 95.6500
-76.9073893 39.0835322 95.3900
-76.907419 39.0835584 95.1100
-76.9074424 39.0835899 94.8600
-76.9074578 39.0836258 94.6300
-76.9074637 39.0836658 94.5
-76.9074594 39.0837077 94.3600
-76.9074594 39.0837077 94.3600
-76.907444 39.0837486 94.2400
-76.9074177 39.0837874 94.0600
-76.9073833 39.0838202 93.9200
-76.9073833 39.0838202 93.9200
-76.9073415 39.0838477 93.82
-76.9072474 39.0838846 93.9000
-76.9071989 39.0838961 94.0
-76.9071989 39.0838961 94.0
-76.9071499 39.0839047 94.1190
-76.907102 39.0839106 94.3100
-76.9070604 39.0839146 94.4200
-76.9070193 39.0839177 94.4900