
-76.902749 39.0832158 95.68
-76.9028013 39.0832159 95.4090
-76.902828 39.0832159 95.2700
-76.9028543 39.083216 95.1000
-76.9028809 39.083216 94.9000
-76.9029081 39.0832157 94.7000
-76.9029351 39.0832152 94.5490
-76.9029897 39.0832132 94.3290
-76.9030448 39.0832103 94.2100
-76.9030722 39.0832083 94.1500
-76.9030992 39.0832061 94.0790
-76.9031533 39.0832005 94.0400
-76.9031848 39.0831966 94.1000
-76.9032158 39.0831924 94.1100
-76.9032464 39.0831881 94.0600
-76.903277 39.0831835 94.0300
-76.9033075 39.0831785 94.0400
-76.9033374 39.0831733 94.0900
-76.9033374 39.0831733 94.0900
-76.9033981 39.0831626 94.2100
-76.9034286 39.0831571 94.2700
-76.903459 39.0831514 94.4500
-76.903459 39.0831514 94.4500
-76.903459 39.0831514 94.4500
-76.9035571 39.0831386 95.7000
-76.9035975 39.0831388 96.5
-76.903638 39.0831434 97.4790
-76.9036787 39.0831516 98.4900
-76.9037179 39.0831626 99.5
-76.9037562 39.0831755 100.479
-76.9037562 39.0831755 100.479
-76.9037562 39.0831755 100.479
-76.9038616 39.083219 102.409
-76.9038616 39.083219 102.409
-76.9038948 39.0832343 102.770
-76.9039271 39.08325 102.990
-76.9039593 39.0832661 102.93
-76.9039908 39.0832822 102.770
-76.9040227 39.0832987 102.479
-76.9040503 39.0833127 102.189
-76.9040775 39.0833263 101.900
-76.9041054 39.0833399 101.650
-76.9041334 39.0833534 101.43
-76.9041619 39.0833667 101.210
-76.90419 39.0833797 100.990
-76.90419 39.0833797 100.990
-76.9042186 39.0833925 100.75
-76.9042186 39.0833925 100.75
-76.9042476 39.0834051 100.57
-76.9042771 39.0834171 100.479
-76.9042771 39.0834171 100.479
-76.904366 39.0834517 100.189
-76.9044263 39.0834743 99.8690
-76.9044263 39.0834743 99.8690
-76.9044974 39.0834996 99.5900
-76.9045333 39.083512 99.5
-76.904575 39.0835247 99.4600
-76.9046174 39.0835351 99.4700
-76.9046174 39.0835351 99.4700
-76.9046594 39.0835426 99.4600
-76.9047025 39.0835467 99.4090
-76.9047025 39.0835467 99.4090
-76.9047865 39.0835443 99.2700
-76.9047865 39.0835443 99.2700
-76.9048277 39.0835382 99.2900
-76.904867 39.083529 99.4900
-76.904867 39.083529 99.4900
-76.9049349 39.0835079 99.68
-76.9049645 39.0834974 99.7400
-76.9049645 39.0834974 99.7400
-76.9049938 39.0834871 99.7800
-76.9050532 39.0834665 99.8100
-76.9050532 39.0834665 99.8100
-76.9051145 39.0834462 99.5600
-76.9051145 39.0834462 99.5600
-76.905172 39.0834287 99.3400
-76.9051987 39.083421 99.25
-76.9051987 39.083421 99.25
-76.9052534 39.0834051 99.18
-76.905281 39.0833972 99.2000
-76.9053087 39.0833894 99.2290
-76.9053371 39.0833819 99.2700
-76.9053946 39.0833678 99.3600
-76.9053946 39.0833678 99.3600
-76.9054237 39.083361 99.3600
-76.9054836 39.0833475 99.2990
-76.9055137 39.0833412 99.2900
-76.9055443 39.083335 99.32
-76.9055744 39.083329 99.3690
-76.9056048 39.0833228 99.4600
-76.9056356 39.0833165 99.5790
-76.9056664 39.0833102 99.7400
-76.9056971 39.0833038 99.9500
-76.905728 39.0832974 100.189
-76.9057593 39.0832909 100.43
-76.9058207 39.0832783 100.810
-76.9058513 39.0832723 101.009
-76.9058994 39.0832633 101.25
-76.9058994 39.0832633 101.25
-76.9059482 39.083255 101.439
-76.9059975 39.083247 101.610
-76.9059975 39.083247 101.610
-76.9060473 39.0832385 101.810
-76.9060473 39.0832385 101.810
-76.9061461 39.083219 102.110
-76.9061941 39.0832081 102.100
-76.9061941 39.0832081 102.100
-76.9062407 39.0831972 101.890
-76.9062784 39.0831879 101.590
-76.9063165 39.0831788 101.159
-76.9063548 39.0831707 100.650
-76.9063939 39.0831647 100.110
-76.9064353 39.0831619 99.6300
-76.9064776 39.083163 99.25
-76.9065205 39.0831677 98.9790
-76.9065205 39.0831677 98.9790
-76.9065928 39.0831822 98.6700
-76.906629 39.0831926 98.5790
-76.9066648 39.0832045 98.5300
-76.9066648 39.0832045 98.5300
-76.9067288 39.0832289 98.4600
-76.9067577 39.083241 98.43
-76.9067857 39.0832531 98.4090
-76.906814 39.0832656 98.3800
-76.906814 39.0832656 98.3800
-76.9068962 39.0833025 98.3500
-76.9069233 39.0833148 98.3500
-76.9069233 39.0833148 98.3500
-76.9069507 39.0833271 98.3290
-76.9069834 39.0833417 98.25
-76.9070493 39.0833699 97.9900
-76.9070825 39.0833837 97.8100
-76.9071149 39.0833968 97.5790
-76.9071481 39.0834096 97.3290
-76.9071481 39.0834096 97.3290
-76.9071481 39.0834096 97.3290
-76.9073001 39.0834631 96.7400
-76.9073515 39.0834795 96.7000
-76.9073515 39.0834795 96.7000
-76.9073924 39.0834922 96.7100
-76.9074321 39.083504 96.7700
-76.907473 39.0835158 96.8290
-76.907473 39.0835158 96.8290
-76.9075138 39.0835273 96.9000
-76.9075943 39.0835556 96.9500
-76.9075943 39.0835556 96.9500
-76.9076325 39.0835747 96.9000
-76.9076637 39.0835955 96.8600
-76.9076911 39.0836206 96.8100
-76.9077133 39.0836501 96.7990