
-76.902771 39.0831848 98.7200
-76.9028047 39.0831855 98.82
-76.9028543 39.0831872 99.0400
-76.9029043 39.0831892 99.3100
-76.9029043 39.0831892 99.3100
-76.902949 39.083191 99.4600
-76.9029934 39.0831923 99.5400
-76.9030375 39.0831926 99.5200
-76.9030375 39.0831926 99.5200
-76.9030811 39.083192 99.4390
-76.9031252 39.0831908 99.3290
-76.9031252 39.0831908 99.3290
-76.9031982 39.0831873 99.0600
-76.9032357 39.0831848 98.8100
-76.9032735 39.0831817 98.5900
-76.9033114 39.0831781 98.3400
-76.9033114 39.0831781 98.3400
-76.9033497 39.0831739 98.1590
-76.9033875 39.0831691 98.07
-76.9034231 39.0831642 97.9790
-76.9034231 39.0831642 97.9790
-76.9034877 39.0831545 97.8290
-76.9035518 39.0831436 97.7590
-76.9035518 39.0831436 97.7590
-76.9035839 39.083138 97.7290
-76.9035839 39.083138 97.7290
-76.9036478 39.0831263 97.6700
-76.90368 39.0831203 97.7100
-76.90368 39.0831203 97.7100
-76.90368 39.0831203 97.7100
-76.9037874 39.0831005 97.9500
-76.9037874 39.0831005 97.9500
-76.9037874 39.0831005 97.9500
-76.9037874 39.0831005 97.9500
-76.9038999 39.0830814 98.2900
-76.9038999 39.0830814 98.2900
-76.9039374 39.0830746 98.3100
-76.9040118 39.0830605 98.2590
-76.9040652 39.0830496 98.2000
-76.9041131 39.0830391 98.1700
-76.9041131 39.0830391 98.1700
-76.9041624 39.083028 98.1590
-76.9042117 39.0830173 98.2200
-76.9042508 39.0830092 98.2800
-76.9042508 39.0830092 98.2800
-76.9043291 39.0829938 98.3900
-76.9043682 39.0829862 98.4390
-76.9043682 39.0829862 98.4390
-76.9044463 39.0829716 98.5
-76.9044463 39.0829716 98.5
-76.9045185 39.0829582 98.5600
-76.9045185 39.0829582 98.5600
-76.9045512 39.0829522 98.57
-76.9045845 39.0829459 98.5600
-76.9046179 39.0829397 98.5400
-76.9046513 39.0829333 98.4900
-76.9046849 39.082927 98.5090
-76.9047195 39.0829216 98.6190
-76.9047925 39.0829166 99.3600
-76.9047925 39.0829166 99.3600
-76.9048304 39.082918 100.040
-76.9048677 39.0829217 100.82
-76.9049049 39.0829274 101.619
-76.9049049 39.0829274 101.619
-76.9049416 39.0829345 102.409
-76.9049826 39.0829441 103.290
-76.9049826 39.0829441 103.290
-76.9049826 39.0829441 103.290
-76.9050993 39.0829767 104.979
-76.9051794 39.0830022 105.43
-76.9052216 39.0830164 105.43
-76.9052216 39.0830164 105.43
-76.9052634 39.0830312 105.329
-76.9052634 39.0830312 105.329
-76.9053054 39.0830461 105.159
-76.9053484 39.0830615 104.939
-76.9053914 39.083077 104.770
-76.9054405 39.0830947 104.630
-76.9054902 39.0831124 104.57
-76.9055342 39.0831275 104.540
-76.9055342 39.0831275 104.540
-76.9055789 39.0831419 104.479
-76.9056236 39.0831554 104.360
-76.9056686 39.0831688 104.290
-76.9056686 39.0831688 104.290
-76.9057139 39.0831817 104.189
-76.9057594 39.0831944 104.060
-76.9057997 39.0832053 103.970
-76.9058396 39.0832159 103.93
-76.9058396 39.0832159 103.93
-76.9058802 39.0832266 103.880
-76.9059207 39.0832371 103.909
-76.9059607 39.0832477 103.990
-76.9060008 39.0832582 104.049
-76.9060405 39.0832676 104.07
-76.9060405 39.0832676 104.07
-76.9061151 39.0832808 103.710
-76.9061494 39.0832845 103.350
-76.9061836 39.083286 102.920
-76.9062174 39.0832852 102.470
-76.9062174 39.0832852 102.470
-76.9062564 39.0832812 101.939
-76.9063313 39.0832641 100.93
-76.9063665 39.0832521 100.520
-76.9064062 39.0832387 100.119
-76.9064062 39.0832387 100.119
-76.9064472 39.0832271 99.75
-76.9064904 39.0832188 99.4790
-76.9065352 39.0832149 99.2590
-76.9065352 39.0832149 99.2590
-76.9065815 39.0832159 99.1100
-76.9066576 39.0832263 98.9790
-76.9066576 39.0832263 98.9790
-76.9066955 39.083235 98.9600
-76.906733 39.0832454 98.9900
-76.9067709 39.0832575 99.0200
-76.9068076 39.0832705 99.07
-76.9068441 39.0832844 99.1000
-76.9068801 39.0832989 99.1700
-76.9069162 39.0833139 99.3500
-76.906952 39.083329 99.5490
-76.9069871 39.0833438 99.7590
-76.907023 39.0833588 99.93
-76.9070582 39.0833734 100.060
-76.9070582 39.0833734 100.060
-76.9070932 39.083388 100.090
-76.9071636 39.0834174 100.170
-76.9072041 39.0834341 100.100
-76.9072041 39.0834341 100.100
-76.907245 39.0834504 99.9900
-76.9072845 39.0834662 99.8900
-76.9073195 39.0834801 99.7800
-76.9073893 39.0835067 99.5600
-76.9074251 39.0835197 99.4600
-76.9074559 39.0835305 99.3800
-76.9074559 39.0835305 99.3800
-76.9075181 39.0835508 99.3400
-76.9075493 39.0835604 99.3800
-76.9075748 39.083568 99.4200
-76.9076003 39.0835755 99.4700
-76.9076253 39.0835828 99.5200
-76.9076501 39.0835899 99.5790
-76.9076998 39.0836039 99.68
-76.9076998 39.0836039 99.68
-76.9077485 39.0836199 99.6700
-76.9077722 39.0836296 99.6000
-76.9078364 39.0836676 99.2200
-76.9078545 39.0836838 99.0600
-76.9078703 39.0837023 98.9200
-76.9078833 39.0837224 98.7900