
-76.9026676 39.0831844 97.9900
-76.9026676 39.0831844 97.9900
-76.9027451 39.0831857 98.1890
-76.9027844 39.0831877 98.2700
-76.9027844 39.0831877 98.2700
-76.9028185 39.0831896 98.32
-76.902853 39.0831918 98.3500
-76.9028879 39.083194 98.3400
-76.9029227 39.083196 98.3100
-76.9029626 39.0831978 98.2990
-76.9030027 39.0831987 98.2990
-76.9030375 39.0831988 98.3100
-76.9030727 39.0831982 98.2900
-76.9031079 39.0831971 98.2400
-76.9031079 39.0831971 98.2400
-76.9031427 39.0831955 98.2000
-76.9031427 39.0831955 98.2000
-76.9032131 39.083191 98.0200
-76.9032479 39.0831881 97.8900
-76.9032828 39.0831847 97.7590
-76.9033176 39.0831806 97.6100
-76.9033529 39.0831759 97.4500
-76.9033927 39.0831702 97.25
-76.9033927 39.0831702 97.25
-76.9034737 39.0831579 97.1000
-76.9034737 39.0831579 97.1000
-76.9035196 39.0831503 97.1000
-76.9035196 39.0831503 97.1000
-76.9035656 39.083142 97.0490
-76.9036572 39.083125 96.8900
-76.9037029 39.0831163 96.7990
-76.9037029 39.0831163 96.7990
-76.9037417 39.0831089 96.7590
-76.9037417 39.0831089 96.7590
-76.9037813 39.0831013 96.7290
-76.9037813 39.0831013 96.7290
-76.9039035 39.0830783 96.7200
-76.9039035 39.0830783 96.7200
-76.9039472 39.0830697 96.7700
-76.9039472 39.0830697 96.7700
-76.9039904 39.0830611 96.7900
-76.9040338 39.0830525 96.8290
-76.9040769 39.0830443 96.8290
-76.9041155 39.083037 96.7900
-76.9041544 39.0830298 96.8100
-76.9041544 39.0830298 96.8100
-76.9041936 39.0830227 96.8800
-76.904233 39.0830155 96.9900
-76.9042729 39.0830083 97.1100
-76.9043118 39.0830012 97.2400
-76.9043118 39.0830012 97.2400
-76.9043511 39.082994 97.3800
-76.9043844 39.0829877 97.4790
-76.9044177 39.0829815 97.5790
-76.9044508 39.0829752 97.6700
-76.9044842 39.0829687 97.8500
-76.9045226 39.0829615 98.0600
-76.9045226 39.0829615 98.0600
-76.9045611 39.0829545 98.2290
-76.9046002 39.0829475 98.4090
-76.904639 39.0829404 98.5490
-76.9046785 39.082933 98.7290
-76.9047186 39.0829266 99.0300
-76.9047599 39.0829228 99.57
-76.9048023 39.0829226 100.369
-76.9048449 39.0829259 101.350
-76.9048449 39.0829259 101.350
-76.9048868 39.082932 102.450
-76.9049271 39.0829396 103.530
-76.9049669 39.0829485 104.509
-76.9049669 39.0829485 104.509
-76.9050056 39.0829579 105.32
-76.9050709 39.0829756 106.270
-76.905104 39.0829852 106.600
-76.905104 39.0829852 106.600
-76.9051698 39.0830045 106.740
-76.9051698 39.0830045 106.740
-76.905238 39.0830251 106.399
-76.905238 39.0830251 106.399
-76.9053074 39.0830464 105.810
-76.9053429 39.0830573 105.439
-76.9053429 39.0830573 105.439
-76.9054151 39.0830789 104.799
-76.9054151 39.0830789 104.799
-76.9054766 39.0830979 104.490
-76.9055078 39.0831079 104.399
-76.9055078 39.0831079 104.399
-76.9056028 39.0831387 104.450
-76.9056028 39.0831387 104.450
-76.9056346 39.083149 104.479
-76.9056666 39.083159 104.490
-76.9056929 39.0831668 104.490
-76.9057197 39.0831745 104.490
-76.9057463 39.083182 104.490
-76.9057727 39.0831896 104.5
-76.9057727 39.0831896 104.5
-76.9057727 39.0831896 104.5
-76.9059057 39.0832295 104.240
-76.9059504 39.083243 104.100
-76.9060405 39.0832689 103.619
-76.9060405 39.0832689 103.619
-76.9060861 39.0832791 103.270
-76.9061322 39.0832873 102.689
-76.9061322 39.0832873 102.689
-76.9061782 39.0832928 101.880
-76.9062306 39.0832947 100.840
-76.9062822 39.0832919 99.8400
-76.9062822 39.0832919 99.8400
-76.9063639 39.0832763 98.4500
-76.9064039 39.0832656 97.9900
-76.9064039 39.0832656 97.9900
-76.9064439 39.083256 97.6000
-76.9064845 39.0832488 97.2700
-76.906527 39.0832447 97.0
-76.9066144 39.0832493 97.0
-76.9066144 39.0832493 97.0
-76.9066581 39.0832569 97.2200
-76.9067024 39.0832672 97.5300
-76.9067024 39.0832672 97.5300
-76.9067466 39.0832796 97.9090
-76.906834 39.0833079 98.2990
-76.906834 39.0833079 98.2990
-76.9069131 39.0833366 98.5400
-76.9069131 39.0833366 98.5400
-76.9069495 39.0833504 98.5790
-76.9069495 39.0833504 98.5790
-76.9069495 39.0833504 98.5790
-76.9069495 39.0833504 98.5790
-76.907094 39.0834064 98.7590
-76.9071297 39.0834214 98.8400
-76.9071646 39.0834387 98.8900
-76.907227 39.0834818 99.0900
-76.907253 39.0835084 99.2800
-76.907253 39.0835084 99.2800
-76.9072745 39.083538 99.5
-76.9072901 39.0835706 99.7590
-76.9073018 39.0836399 100.400
-76.907298 39.0836756 100.740
-76.9072882 39.0837111 101.060
-76.9072722 39.083745 101.360
-76.9072248 39.0838051 101.880
-76.9071954 39.0838305 102.100
-76.9071954 39.0838305 102.100
-76.9071626 39.0838531 102.350
-76.9071284 39.0838727 102.520
-76.9070924 39.0838902 102.670
-76.9070184 39.0839183 102.979
-76.9069803 39.0839305 103.090
-76.9069419 39.0839419 103.18
-76.9069419 39.0839419 103.18