
-76.9026337 39.0831808 95.2800
-76.902659 39.0831766 95.4000
-76.902659 39.0831766 95.4000
-76.9026843 39.0831732 95.5
-76.9026843 39.0831732 95.5
-76.9027787 39.0831665 95.8400
-76.9028228 39.083165 95.93
-76.9028664 39.0831642 95.9600
-76.902911 39.0831639 95.9390
-76.902911 39.0831639 95.9390
-76.902911 39.0831639 95.9390
-76.9030447 39.0831637 95.3400
-76.9030447 39.0831637 95.3400
-76.9030957 39.0831631 95.4900
-76.9031472 39.0831618 95.6590
-76.9031982 39.08316 95.8290
-76.9032483 39.0831576 96.0300
-76.9032483 39.0831576 96.0300
-76.903298 39.0831548 96.0900
-76.903298 39.0831548 96.0900
-76.9033796 39.0831488 96.1300
-76.9033796 39.0831488 96.1300
-76.9033796 39.0831488 96.1300
-76.9034609 39.0831413 95.8500
-76.9034609 39.0831413 95.8500
-76.9034609 39.0831413 95.8500
-76.9034609 39.0831413 95.8500
-76.903547 39.0831349 95.9900
-76.903547 39.0831349 95.9900
-76.9036866 39.083143 98.4000
-76.9037514 39.0831551 99.9390
-76.9038136 39.0831692 101.369
-76.9038136 39.0831692 101.369
-76.9038737 39.0831847 102.640
-76.903932 39.0832008 103.600
-76.9039887 39.083217 104.220
-76.9039887 39.083217 104.220
-76.9040441 39.0832336 104.640
-76.9040441 39.0832336 104.640
-76.9040886 39.0832471 104.829
-76.9041321 39.0832603 104.850
-76.904176 39.0832736 104.740
-76.904176 39.0832736 104.740
-76.9042145 39.0832848 104.57
-76.9042537 39.0832959 104.340
-76.9042932 39.0833068 104.040
-76.9043331 39.0833173 103.659
-76.9043733 39.0833277 103.290
-76.9044198 39.0833392 102.899
-76.9044672 39.0833504 102.610
-76.9044672 39.0833504 102.610
-76.9045445 39.0833676 102.350
-76.9045833 39.0833757 102.310
-76.9045833 39.0833757 102.310
-76.9046229 39.0833837 102.290
-76.9046624 39.0833909 102.280
-76.9046624 39.0833909 102.280
-76.9047415 39.0834028 102.020
-76.9048223 39.0834108 101.710
-76.9048223 39.0834108 101.710
-76.9048624 39.0834131 101.220
-76.9049371 39.0834136 100.240
-76.9049719 39.0834121 99.7900
-76.9049719 39.0834121 99.7900
-76.9050073 39.0834095 99.3290
-76.9050426 39.083406 98.8690
-76.905078 39.0834016 98.4790
-76.9051556 39.0833897 97.7900
-76.905197 39.0833829 97.5400
-76.9052373 39.0833758 97.3690
-76.9052772 39.0833682 97.3100
-76.9053165 39.0833603 97.3800
-76.9053546 39.0833526 97.43
-76.9053925 39.0833454 97.4600
-76.9053925 39.0833454 97.4600
-76.9054555 39.083334 97.5090
-76.9054866 39.0833283 97.5600
-76.905548 39.0833174 97.7100
-76.905548 39.0833174 97.7100
-76.905579 39.0833121 97.7800
-76.9056401 39.0833016 97.9200
-76.9056401 39.0833016 97.9200
-76.9056706 39.0832967 97.9900
-76.905701 39.0832918 98.0300
-76.9057373 39.0832861 98.1000
-76.9057728 39.0832805 98.1500
-76.9058085 39.0832749 98.18
-76.9058449 39.0832693 98.2200
-76.9058812 39.0832635 98.25
-76.9059167 39.0832579 98.2800
-76.9059878 39.0832468 98.3100
-76.9059878 39.0832468 98.3100
-76.9060397 39.0832389 98.3400
-76.9060917 39.0832308 98.4700
-76.9060917 39.0832308 98.4700
-76.906144 39.083222 98.7700
-76.906144 39.083222 98.7700
-76.9061958 39.0832122 99.1590
-76.9062474 39.0832014 99.7400
-76.9062986 39.0831916 100.240
-76.9062986 39.0831916 100.240
-76.9063508 39.083185 100.560
-76.9063971 39.0831827 100.82
-76.9063971 39.0831827 100.82
-76.9064435 39.0831843 101.030
-76.9064909 39.0831896 101.189
-76.9065295 39.0831967 101.350
-76.9065682 39.0832054 101.350
-76.9065682 39.0832054 101.350
-76.9066066 39.0832156 101.270
-76.9066445 39.0832272 101.110
-76.9066445 39.0832272 101.110
-76.9066816 39.0832398 100.970
-76.9067241 39.0832557 100.909
-76.9067652 39.0832723 100.860
-76.9068054 39.0832893 100.840
-76.9068054 39.0832893 100.840
-76.9068453 39.0833064 100.869
-76.9068892 39.0833254 100.840
-76.9068892 39.0833254 100.840
-76.9069328 39.083344 100.700
-76.9069328 39.083344 100.700
-76.9069809 39.0833642 100.390
-76.907079 39.083404 99.3900
-76.907079 39.083404 99.3900
-76.907079 39.083404 99.3900
-76.9071348 39.083425 98.7800
-76.9071917 39.0834453 98.2990
-76.9072491 39.0834646 97.9200
-76.9072491 39.0834646 97.9200
-76.9072964 39.0834797 97.6590
-76.9072964 39.0834797 97.6590
-76.9073432 39.0834945 97.3600
-76.9073912 39.0835098 97.1300
-76.9073912 39.0835098 97.1300
-76.907467 39.0835343 97.0090
-76.9075051 39.0835467 97.0490
-76.9075439 39.0835596 97.1000
-76.9075439 39.0835596 97.1000
-76.9075826 39.0835728 97.1500
-76.9075826 39.0835728 97.1500
-76.9076213 39.0835859 97.2200
-76.9076999 39.0836122 97.2290
-76.9076999 39.0836122 97.2290
-76.9077758 39.0836436 97.1000
-76.9077758 39.0836436 97.1000
-76.9078113 39.083665 96.9790
-76.907864 39.0837221 96.8400
-76.907864 39.0837221 96.8400
-76.9078827 39.0837955 97.0490