
-76.9026664 39.0832015 96.9900
-76.9027045 39.0832034 97.4090
-76.9027431 39.0832059 97.7590
-76.9027806 39.0832086 97.9390
-76.9027806 39.0832086 97.9390
-76.9028181 39.0832111 98.07
-76.902855 39.0832134 98.1190
-76.9028925 39.083215 98.0790
-76.9029299 39.0832161 97.9900
-76.9029728 39.0832165 97.8800
-76.9029728 39.0832165 97.8800
-76.903016 39.083216 97.82
-76.9030594 39.0832142 97.75
-76.9030594 39.0832142 97.75
-76.903103 39.083211 97.6190
-76.9031466 39.0832065 97.5490
-76.9031848 39.0832014 97.5200
-76.9031848 39.0832014 97.5200
-76.9032231 39.0831953 97.5300
-76.9032613 39.0831887 97.5090
-76.9032991 39.0831819 97.4200
-76.9033371 39.0831751 97.3600
-76.9033745 39.0831682 97.2700
-76.9034115 39.0831612 97.2100
-76.9034115 39.0831612 97.2100
-76.9034439 39.083155 97.0900
-76.9035079 39.0831433 96.8800
-76.9035079 39.0831433 96.8800
-76.9035757 39.0831374 97.1890
-76.9035757 39.0831374 97.1890
-76.9036115 39.0831377 97.6500
-76.9036837 39.0831452 98.8290
-76.9036837 39.0831452 98.8290
-76.9037197 39.0831521 99.4600
-76.903754 39.0831603 100.020
-76.9037877 39.0831695 100.5
-76.9038543 39.0831897 101.189
-76.9038543 39.0831897 101.189
-76.9038863 39.0832004 101.409
-76.9039179 39.0832112 101.520
-76.9039447 39.0832203 101.530
-76.9039712 39.0832293 101.5
-76.9039979 39.0832381 101.420
-76.9039979 39.0832381 101.420
-76.9040523 39.0832554 101.200
-76.9040797 39.0832635 101.07
-76.9041075 39.0832714 100.909
-76.9041635 39.0832863 100.57
-76.9041914 39.0832933 100.400
-76.9042243 39.0833012 100.240
-76.9042575 39.0833092 100.18
-76.9043247 39.0833251 100.009
-76.9043247 39.0833251 100.009
-76.9043583 39.0833329 99.9200
-76.9043926 39.0833405 99.9090
-76.9044269 39.0833474 99.9790
-76.9044269 39.0833474 99.9790
-76.9044858 39.0833583 100.07
-76.9045151 39.0833634 100.140
-76.9045449 39.0833683 100.280
-76.9045752 39.083373 100.43
-76.9046046 39.0833774 100.579
-76.9046399 39.0833825 100.759
-76.9046747 39.0833874 100.93
-76.9047094 39.0833922 101.07
-76.9047447 39.0833972 101.170
-76.9047447 39.0833972 101.170
-76.9047956 39.0834046 101.329
-76.9048464 39.0834124 101.470
-76.9048964 39.0834203 101.5
-76.9049464 39.0834289 101.57
-76.9049464 39.0834289 101.57
-76.9049968 39.0834382 101.700
-76.9049968 39.0834382 101.700
-76.9050461 39.0834475 101.68
-76.9050959 39.0834545 101.470
-76.9051394 39.0834583 101.060
-76.9051394 39.0834583 101.060
-76.9051828 39.0834595 100.439
-76.9052264 39.0834579 99.7100
-76.905269 39.0834533 98.9900
-76.905269 39.0834533 98.9900
-76.9053115 39.083446 98.3500
-76.9053534 39.0834362 97.8690
-76.9053891 39.0834258 97.6100
-76.9053891 39.0834258 97.6100
-76.9054246 39.0834139 97.5300
-76.9054582 39.0834015 97.5
-76.9054913 39.0833889 97.43
-76.9055234 39.0833767 97.2900
-76.9055557 39.0833645 97.1590
-76.9055557 39.0833645 97.1590
-76.9055878 39.0833529 97.07
-76.9056451 39.0833337 96.8690
-76.9056741 39.0833249 96.7990
-76.9056741 39.0833249 96.7990
-76.9057333 39.0833085 96.7200
-76.9057333 39.0833085 96.7200
-76.905794 39.0832932 96.7290
-76.9058244 39.0832859 96.7700
-76.9058244 39.0832859 96.7700
-76.9058552 39.0832786 96.7990
-76.9058864 39.0832716 96.7990
-76.9059173 39.0832648 96.7900
-76.9059484 39.0832579 96.8100
-76.9059797 39.0832509 96.8900
-76.9060109 39.0832441 97.0490
-76.906042 39.0832372 97.2200
-76.906042 39.0832372 97.2200
-76.9060732 39.08323 97.4200
-76.9061041 39.0832229 97.5790
-76.9061664 39.0832095 97.8690
-76.9061981 39.0832027 98.1000
-76.9062289 39.0831958 98.2590
-76.9062593 39.0831886 98.3900
-76.9062897 39.0831821 98.5
-76.9063199 39.0831766 98.5400
-76.9063506 39.0831727 98.5790
-76.9063506 39.0831727 98.5790
-76.906413 39.0831705 98.6190
-76.9064451 39.0831717 98.5300
-76.9064775 39.0831748 98.4390
-76.90651 39.0831803 98.3900
-76.90651 39.0831803 98.3900
-76.9065428 39.0831877 98.3500
-76.9065702 39.0831952 98.3400
-76.9066249 39.0832131 98.3290
-76.9066517 39.083223 98.3100
-76.9066782 39.0832334 98.2990
-76.9066782 39.0832334 98.2990
-76.9067048 39.0832445 98.2900
-76.9067313 39.0832561 98.2900
-76.9067313 39.0832561 98.2900
-76.9067835 39.0832805 98.2900
-76.9068093 39.0832929 98.2900
-76.9068093 39.0832929 98.2900
-76.9069047 39.0833348 98.07
-76.9069372 39.0833474 97.9900
-76.9069372 39.0833474 97.9900
-76.9069372 39.0833474 97.9900
-76.9070147 39.0833749 97.9600
-76.9070542 39.0833879 97.8690
-76.9070983 39.0834031 97.7290
-76.9071419 39.0834212 97.5400
-76.9071831 39.0834444 97.3690
-76.9072185 39.0834747 97.2400
-76.9072185 39.0834747 97.2400
-76.9072449 39.0835134 97.2100
-76.9072592 39.0835585 97.2900
-76.9072592 39.0835585 97.2900