
-76.902639 39.0832299 96.2900
-76.9026747 39.0832316 96.2900
-76.9026747 39.0832316 96.2900
-76.9027101 39.0832332 96.2700
-76.9027462 39.0832346 96.2400
-76.9027829 39.0832357 96.2200
-76.90282 39.0832359 96.2900
-76.90282 39.0832359 96.2900
-76.9028838 39.0832344 96.5
-76.9029151 39.083233 96.6000
-76.9029458 39.0832311 96.68
-76.9029458 39.0832311 96.68
-76.9029815 39.0832281 96.8800
-76.9030173 39.0832241 97.1400
-76.903053 39.083219 97.3900
-76.9030837 39.0832138 97.5900
-76.9031142 39.0832078 97.7900
-76.9031142 39.0832078 97.7900
-76.9031696 39.0831956 98.2290
-76.9031951 39.08319 98.4200
-76.9032205 39.0831844 98.6000
-76.9032455 39.0831788 98.7400
-76.9032704 39.0831732 98.9000
-76.9032954 39.0831676 99.0600
-76.9033205 39.0831622 99.1500
-76.9033457 39.0831569 99.2200
-76.9033968 39.0831461 99.3500
-76.9034223 39.0831407 99.3800
-76.9034744 39.0831305 99.4090
-76.9034744 39.0831305 99.4090
-76.9034744 39.0831305 99.4090
-76.9035587 39.0831226 100.0
-76.9035587 39.0831226 100.0
-76.9035886 39.0831236 100.5
-76.9036189 39.0831267 101.140
-76.9036486 39.0831315 101.869
-76.9037216 39.083148 103.659
-76.9037216 39.083148 103.659
-76.9037649 39.0831595 104.670
-76.9037649 39.0831595 104.670
-76.9037649 39.0831595 104.670
-76.9037649 39.0831595 104.670
-76.9039307 39.0832071 106.540
-76.9039307 39.0832071 106.540
-76.9039723 39.0832194 106.560
-76.9039723 39.0832194 106.560
-76.9040145 39.0832318 106.460
-76.9040516 39.0832426 106.259
-76.9040885 39.083253 106.049
-76.9041255 39.0832627 105.829
-76.9041629 39.083272 105.619
-76.9041629 39.083272 105.619
-76.9042055 39.0832821 105.460
-76.9042483 39.0832922 105.470
-76.904286 39.083301 105.439
-76.904286 39.083301 105.439
-76.9043631 39.0833182 105.189
-76.9043631 39.0833182 105.189
-76.904401 39.0833264 104.950
-76.9044396 39.0833348 104.700
-76.9044795 39.0833429 104.460
-76.9044795 39.0833429 104.460
-76.9045194 39.0833498 104.329
-76.9045592 39.0833563 104.259
-76.9045984 39.0833632 104.280
-76.9046383 39.0833706 104.380
-76.9046383 39.0833706 104.380
-76.9046779 39.0833783 104.520
-76.9047176 39.0833865 104.619
-76.9047572 39.0833944 104.720
-76.9047572 39.0833944 104.720
-76.9048403 39.0834106 104.899
-76.9048403 39.0834106 104.899
-76.9048826 39.0834189 104.960
-76.9049264 39.0834275 104.939
-76.9049706 39.0834364 104.780
-76.9050145 39.0834453 104.619
-76.9050145 39.0834453 104.619
-76.9050584 39.0834531 104.450
-76.9051021 39.083459 104.100
-76.9051021 39.083459 104.100
-76.9051021 39.083459 104.100
-76.9051881 39.0834653 102.520
-76.9052306 39.0834648 101.369
-76.9052306 39.0834648 101.369
-76.9052731 39.0834611 100.299
-76.9053152 39.083454 99.3400
-76.9053556 39.0834439 98.5200
-76.9053556 39.0834439 98.5200
-76.9053942 39.0834311 97.82
-76.9054276 39.0834184 97.2700
-76.9054602 39.083405 96.7590
-76.9054602 39.083405 96.7590
-76.9054924 39.0833909 96.3800
-76.9055239 39.0833766 96.1300
-76.9055239 39.0833766 96.1300
-76.9055875 39.0833489 95.7200
-76.9055875 39.0833489 95.7200
-76.9056525 39.083324 95.3500
-76.9056866 39.0833133 95.2200
-76.9056866 39.0833133 95.2200
-76.9057211 39.0833036 95.0900
-76.9057559 39.0832949 94.93
-76.9057559 39.0832949 94.93
-76.9057912 39.0832869 94.8400
-76.9058268 39.0832795 94.82
-76.9058632 39.0832724 94.82
-76.9058988 39.0832655 94.8500
-76.9059395 39.0832577 94.9600
-76.9059395 39.0832577 94.9600
-76.9060214 39.0832419 95.3600
-76.9060214 39.0832419 95.3600
-76.9060625 39.0832338 95.6190
-76.9061029 39.0832253 95.9090
-76.9061029 39.0832253 95.9090
-76.9061368 39.0832178 96.1590
-76.9061702 39.0832103 96.3500
-76.9062041 39.0832026 96.4700
-76.906233 39.0831959 96.4900
-76.9062619 39.083189 96.4900
-76.9062908 39.0831827 96.5200
-76.9062908 39.0831827 96.5200
-76.9063206 39.0831774 96.5790
-76.9063513 39.0831736 96.6700
-76.9064311 39.0831728 97.0090
-76.9064311 39.0831728 97.0090
-76.9064797 39.0831785 97.2800
-76.9065277 39.0831882 97.5900
-76.9065746 39.0832016 98.0300
-76.9065746 39.0832016 98.0300
-76.9066208 39.0832175 98.4790
-76.906666 39.0832346 98.7800
-76.9067105 39.0832524 98.9390
-76.9067105 39.0832524 98.9390
-76.9067538 39.08327 99.1500
-76.9067538 39.08327 99.1500
-76.9067923 39.0832861 99.3690
-76.9068304 39.0833023 99.5300
-76.9068684 39.0833183 99.6700
-76.9069064 39.0833335 99.7700
-76.9069064 39.0833335 99.7700
-76.9069826 39.0833635 99.5790
-76.9069826 39.0833635 99.5790
-76.9070212 39.0833775 99.4900
-76.90706 39.0833909 99.3900
-76.907098 39.0834057 99.2800
-76.907098 39.0834057 99.2800
-76.9071602 39.0834404 98.9900
-76.9071602 39.0834404 98.9900
-76.9071871 39.0834637 98.7700