
-76.9027042 39.0831492 99.6590
-76.9027042 39.0831492 99.6590
-76.9027413 39.0831481 99.8290
-76.9028157 39.0831493 100.200
-76.902853 39.0831508 100.329
-76.9028902 39.0831526 100.450
-76.9028902 39.0831526 100.450
-76.9029269 39.0831546 100.460
-76.9029636 39.0831565 100.360
-76.903001 39.0831582 100.210
-76.9030759 39.0831604 100.07
-76.9031328 39.0831611 100.009
-76.9031895 39.0831614 99.8500
-76.9031895 39.0831614 99.8500
-76.9031895 39.0831614 99.8500
-76.9032407 39.0831603 99.6890
-76.9033426 39.083155 99.3600
-76.9033426 39.083155 99.3600
-76.9033934 39.0831505 99.2590
-76.9034443 39.0831447 99.2290
-76.9034443 39.0831447 99.2290
-76.9034951 39.083138 99.3400
-76.9034951 39.083138 99.3400
-76.9034951 39.083138 99.3400
-76.9036595 39.0831286 101.189
-76.9036595 39.0831286 101.189
-76.9037154 39.0831317 101.890
-76.9037715 39.0831378 102.549
-76.9037715 39.0831378 102.549
-76.9037715 39.0831378 102.549
-76.9038784 39.0831565 103.720
-76.9039296 39.0831681 104.149
-76.9039801 39.0831808 104.530
-76.9040291 39.0831941 104.840
-76.9040291 39.0831941 104.840
-76.9041254 39.083222 104.880
-76.9041254 39.083222 104.880
-76.9041254 39.083222 104.880
-76.9041732 39.0832364 104.600
-76.9042116 39.0832483 104.340
-76.9042505 39.0832604 104.090
-76.9042903 39.0832726 103.860
-76.9043303 39.083285 103.590
-76.9044221 39.0833128 103.060
-76.9044221 39.0833128 103.060
-76.9044688 39.0833257 102.840
-76.9045146 39.0833382 102.640
-76.9045607 39.083351 102.360
-76.9045607 39.083351 102.360
-76.9046068 39.0833635 102.049
-76.9047069 39.0833887 101.100
-76.9047069 39.0833887 101.100
-76.9047622 39.0834015 100.600
-76.9047622 39.0834015 100.600
-76.9048078 39.0834116 100.220
-76.9049023 39.0834313 99.7000
-76.9049499 39.0834409 99.5790
-76.9049499 39.0834409 99.5790
-76.9049974 39.0834499 99.5400
-76.9050455 39.0834585 99.6400
-76.9050933 39.0834658 99.7100
-76.9051338 39.0834708 99.68
-76.9051746 39.0834745 99.5200
-76.905215 39.0834768 99.1590
-76.9052556 39.0834771 98.6400
-76.9052964 39.0834752 98.0490
-76.9053427 39.0834697 97.5
-76.9053881 39.0834622 97.0300
-76.9053881 39.0834622 97.0300
-76.9054785 39.083442 96.1100
-76.9054785 39.083442 96.1100
-76.9055228 39.0834294 95.7100
-76.9055668 39.0834153 95.4000
-76.9056105 39.0834003 95.1700
-76.9056541 39.0833848 95.0300
-76.9056969 39.083369 94.9790
-76.90574 39.0833533 95.0
-76.9057824 39.0833379 95.0790
-76.9058245 39.0833231 95.2290
-76.9058673 39.0833087 95.4090
-76.9059099 39.083295 95.6100
-76.9059528 39.0832819 95.8400
-76.9059959 39.0832693 96.1100
-76.9060389 39.0832572 96.3690
-76.9060389 39.0832572 96.3690
-76.9060389 39.0832572 96.3690
-76.9061188 39.0832359 96.7400
-76.9061558 39.0832265 96.9200
-76.9061927 39.0832174 97.1100
-76.9061927 39.0832174 97.1100
-76.9062539 39.0832024 97.3600
-76.9063149 39.0831882 97.5200
-76.9063461 39.0831825 97.57
-76.9063776 39.0831778 97.6100
-76.9064556 39.0831728 97.6190
-76.9064959 39.0831743 97.6190
-76.9064959 39.0831743 97.6190
-76.906564 39.0831833 97.7800
-76.9066317 39.0831989 98.2200
-76.9066317 39.0831989 98.2200
-76.9066995 39.0832188 98.5400
-76.9067653 39.0832414 98.8100
-76.9067653 39.0832414 98.8100
-76.9068305 39.0832658 99.1500
-76.9068633 39.0832788 99.2900
-76.9068959 39.083292 99.3690
-76.9068959 39.083292 99.3690
-76.9069278 39.083305 99.4390
-76.9069598 39.0833178 99.4090
-76.9069912 39.0833306 99.3290
-76.9070534 39.0833565 99.1190
-76.9070842 39.0833693 99.0
-76.9070842 39.0833693 99.0
-76.9072315 39.0834278 98.2590
-76.9072684 39.0834417 98.0490
-76.9073055 39.0834551 97.8400
-76.9073682 39.0834767 97.5300
-76.9073682 39.0834767 97.5300
-76.9073994 39.083487 97.4000
-76.9074312 39.0834972 97.2700
-76.907463 39.083507 97.1590
-76.9074947 39.0835167 97.0600
-76.9075787 39.0835414 96.93
-76.9075787 39.0835414 96.93
-76.9076812 39.0835708 96.8100
-76.9076812 39.0835708 96.8100
-76.9077316 39.083586 96.7800
-76.9077808 39.0836052 96.75
-76.9078192 39.0836248 96.7100
-76.9078547 39.083649 96.6400
-76.9078547 39.083649 96.6400
-76.9078848 39.083679 96.6300
-76.9079191 39.0837573 96.8900
-76.9079191 39.0837573 96.8900
-76.9079192 39.0838003 97.1400
-76.9078835 39.0838842 97.68
-76.9078835 39.0838842 97.68
-76.9078493 39.0839203 97.9700
-76.9078086 39.0839496 98.2590
-76.9077646 39.0839732 98.5600
-76.9076735 39.0840069 99.2400
-76.9076735 39.0840069 99.2400
-76.9075819 39.0840282 99.93
-76.9075819 39.0840282 99.93
-76.9074906 39.0840408 100.530
-76.9074906 39.0840408 100.530
-76.9074454 39.0840453 100.729
-76.9074011 39.0840488 100.780
-76.9073565 39.0840516 100.729
-76.9073117 39.0840538 100.610