
-76.9025441 39.0832259 96.07
-76.9026077 39.0832156 96.3690
-76.9026414 39.083214 96.4900
-76.9026749 39.083214 96.5900
-76.9026749 39.083214 96.5900
-76.9027085 39.083215 96.6300
-76.9027416 39.0832164 96.6400
-76.9028006 39.0832191 96.5490
-76.9028307 39.0832205 96.4900
-76.9028307 39.0832205 96.4900
-76.9028605 39.0832216 96.4390
-76.9029095 39.0832224 96.3800
-76.902934 39.0832223 96.3500
-76.9029585 39.0832219 96.3100
-76.9029834 39.083221 96.2590
-76.903034 39.0832188 96.1300
-76.9030595 39.0832173 96.0600
-76.9030853 39.0832152 96.0090
-76.9031107 39.0832128 95.9790
-76.9031361 39.0832101 95.9790
-76.9031609 39.0832071 95.9700
-76.9031861 39.083204 95.9600
-76.903211 39.0832008 95.9500
-76.903211 39.0832008 95.9500
-76.903211 39.0832008 95.9500
-76.9032615 39.0831938 95.9600
-76.9033663 39.0831772 95.9600
-76.9034051 39.0831703 96.0
-76.9034487 39.083162 96.07
-76.9034487 39.083162 96.07
-76.903492 39.0831536 96.1890
-76.903492 39.0831536 96.1890
-76.9035347 39.0831467 96.3500
-76.9035786 39.0831422 96.4600
-76.9036223 39.0831411 96.5400
-76.9036223 39.0831411 96.5400
-76.9036607 39.0831433 96.6300
-76.9036991 39.0831487 96.7100
-76.9037372 39.0831564 96.7290
-76.903775 39.0831659 96.6700
-76.903775 39.0831659 96.6700
-76.9038143 39.0831774 96.5600
-76.9038532 39.0831897 96.43
-76.9038532 39.0831897 96.43
-76.903893 39.0832033 96.3100
-76.903893 39.0832033 96.3100
-76.903972 39.0832324 96.1500
-76.9040119 39.0832474 96.0600
-76.9040119 39.0832474 96.0600
-76.9040926 39.083277 95.8800
-76.9040926 39.083277 95.8800
-76.9041334 39.0832912 95.8100
-76.9041748 39.0833052 95.7100
-76.9041748 39.0833052 95.7100
-76.9042494 39.0833293 95.4700
-76.9042494 39.0833293 95.4700
-76.9042835 39.08334 95.3690
-76.9043177 39.0833503 95.2900
-76.9043518 39.0833603 95.2400
-76.9043861 39.0833703 95.2400
-76.9044206 39.08338 95.3100
-76.9044553 39.0833895 95.3900
-76.9044895 39.0833991 95.5400
-76.9045237 39.0834088 95.6890
-76.9045574 39.0834183 95.82
-76.9045911 39.0834276 95.9000
-76.9046249 39.0834368 95.9000
-76.9046534 39.0834445 95.9500
-76.9047107 39.083459 96.2590
-76.9047107 39.083459 96.2590
-76.9047668 39.083473 96.4900
-76.9047668 39.083473 96.4900
-76.904823 39.0834877 96.5
-76.9048507 39.0834949 96.4500
-76.9048788 39.0835018 96.4900
-76.9049072 39.0835085 96.6100
-76.904936 39.0835149 96.7100
-76.904936 39.0835149 96.7100
-76.9049648 39.083521 96.6700
-76.9050226 39.0835316 96.4390
-76.9050521 39.0835351 96.3100
-76.9050973 39.0835369 96.07
-76.905143 39.0835342 95.8800
-76.905188 39.0835274 95.8400
-76.905188 39.0835274 95.8400
-76.9052271 39.0835193 95.82
-76.9052986 39.0834997 95.7800
-76.9052986 39.0834997 95.7800
-76.9053619 39.0834768 96.0200
-76.9053619 39.0834768 96.0200
-76.9054192 39.0834538 96.4790
-76.9054192 39.0834538 96.4790
-76.9054444 39.0834432 96.6190
-76.9054691 39.0834324 96.75
-76.905517 39.0834111 97.1700
-76.9055449 39.083399 97.4790
-76.9055726 39.0833875 97.6890
-76.9056003 39.0833762 97.7700
-76.9056277 39.0833649 97.75
-76.9056277 39.0833649 97.75
-76.9056547 39.0833538 97.6700
-76.9056822 39.0833429 97.5200
-76.9057098 39.083332 97.4090
-76.9057374 39.0833213 97.3500
-76.9057653 39.0833108 97.25
-76.9057938 39.0833007 97.1890
-76.9058506 39.083282 97.0790
-76.9058506 39.083282 97.0790
-76.9058833 39.0832719 96.9000
-76.9059163 39.0832618 96.6700
-76.9059493 39.0832519 96.4500
-76.9059493 39.0832519 96.4500
-76.9059831 39.0832419 96.2700
-76.9060534 39.0832213 95.8800
-76.9060534 39.0832213 95.8800
-76.9060889 39.0832109 95.7290
-76.9060889 39.0832109 95.7290
-76.906125 39.0832009 95.57
-76.906198 39.0831813 95.1700
-76.906198 39.0831813 95.1700
-76.9062354 39.0831712 95.0400
-76.9062725 39.0831611 94.93
-76.9062725 39.0831611 94.93
-76.9063107 39.0831521 94.9000
-76.9063885 39.0831407 94.7700
-76.9063885 39.0831407 94.7700
-76.9064683 39.0831424 94.6500
-76.9064683 39.0831424 94.6500
-76.9065077 39.0831485 94.6700
-76.9065467 39.0831576 94.7400
-76.9065467 39.0831576 94.7400
-76.9065838 39.083169 94.8690
-76.9066207 39.0831823 94.93
-76.9066566 39.083197 94.93
-76.9066566 39.083197 94.93
-76.9067269 39.083229 94.8100
-76.9067614 39.0832453 94.68
-76.9067614 39.0832453 94.68
-76.9068271 39.0832767 94.3600
-76.9068578 39.0832912 94.18
-76.9068578 39.0832912 94.18
-76.9068885 39.0833051 94.0200
-76.9069198 39.0833189 93.8500
-76.9069514 39.0833325 93.7200
-76.9069832 39.083346 93.6300
-76.9070155 39.0833593 93.5790
-76.9070475 39.0833721 93.5200
-76.9070798 39.0833848 93.4600
-76.9071122 39.0833973 93.4000
-76.9071456 39.0834097 93.3800