
-76.9025133 39.0831981 97.5900
-76.9025529 39.0831832 97.4390
-76.9025529 39.0831832 97.4390
-76.9025955 39.0831716 97.2900
-76.9025955 39.0831716 97.2900
-76.9026396 39.0831636 97.1000
-76.9027309 39.0831567 96.7990
-76.9027309 39.0831567 96.7990
-76.9027767 39.0831564 96.7700
-76.9028226 39.0831576 96.82
-76.9028685 39.0831596 96.8500
-76.9029142 39.0831619 96.8800
-76.9029603 39.0831639 97.0
-76.9030052 39.0831656 97.1400
-76.9030507 39.0831667 97.1890
-76.9030507 39.0831667 97.1890
-76.9030955 39.0831673 97.1500
-76.9031407 39.0831669 97.0490
-76.9031858 39.0831662 96.9600
-76.9032312 39.0831648 96.7990
-76.9032312 39.0831648 96.7990
-76.9033108 39.0831603 96.6590
-76.9033504 39.083157 96.6000
-76.9033504 39.083157 96.6000
-76.9033504 39.083157 96.6000
-76.9033899 39.0831529 96.5600
-76.9035281 39.0831372 96.5
-76.9035281 39.0831372 96.5
-76.9035281 39.0831372 96.5
-76.9035281 39.0831372 96.5
-76.9036536 39.0831407 97.6300
-76.9037167 39.0831527 98.6590
-76.9037647 39.0831653 99.4600
-76.9037647 39.0831653 99.4600
-76.9038113 39.0831803 100.240
-76.9038568 39.0831967 100.860
-76.9039006 39.0832141 101.400
-76.9039006 39.0832141 101.400
-76.9039847 39.0832511 102.259
-76.9040258 39.08327 102.450
-76.9040611 39.083287 102.509
-76.9040959 39.0833041 102.5
-76.9040959 39.0833041 102.5
-76.9041313 39.0833217 102.460
-76.9042017 39.0833569 102.32
-76.9042017 39.0833569 102.32
-76.9042372 39.0833742 102.200
-76.9042736 39.0833913 102.009
-76.9043044 39.0834055 101.829
-76.9043357 39.0834196 101.659
-76.9043999 39.0834476 101.200
-76.9044322 39.0834611 100.93
-76.9044591 39.0834722 100.720
-76.9045137 39.0834939 100.32
-76.9045416 39.0835046 100.150
-76.9045699 39.0835147 100.020
-76.9045987 39.083524 99.9200
-76.9046347 39.0835338 99.8690
-76.9046717 39.0835417 99.8290
-76.9047081 39.0835476 99.7700
-76.9047081 39.0835476 99.7700
-76.9047452 39.0835512 99.7000
-76.9047452 39.0835512 99.7000
-76.9047452 39.0835512 99.7000
-76.9049283 39.0835366 99.8100
-76.9049785 39.0835233 100.100
-76.9050272 39.0835077 100.460
-76.9050739 39.0834908 100.729
-76.9050739 39.0834908 100.729
-76.90512 39.0834733 100.860
-76.9051657 39.0834561 100.93
-76.9051657 39.0834561 100.93
-76.9052118 39.0834392 100.850
-76.9052589 39.0834227 100.68
-76.9053068 39.0834071 100.579
-76.9053567 39.0833921 100.530
-76.9053567 39.0833921 100.530
-76.9054016 39.0833798 100.540
-76.9054468 39.0833684 100.780
-76.9054929 39.0833579 101.150
-76.9055397 39.083348 101.549
-76.9055397 39.083348 101.549
-76.9055856 39.0833389 102.0
-76.9056324 39.0833304 102.470
-76.9056784 39.0833225 102.770
-76.9056784 39.0833225 102.770
-76.9057245 39.0833148 102.909
-76.9057708 39.0833067 102.790
-76.9058175 39.0832984 102.509
-76.9058652 39.0832897 102.220
-76.9059127 39.0832806 101.950
-76.9059622 39.0832706 101.720
-76.9060118 39.0832603 101.479
-76.9060118 39.0832603 101.479
-76.9060623 39.0832491 101.310
-76.9061124 39.0832371 101.18
-76.9061615 39.0832246 100.990
-76.9061615 39.0832246 100.990
-76.9062572 39.0831991 100.200
-76.9062572 39.0831991 100.200
-76.9063447 39.0831765 98.9000
-76.9063864 39.0831687 98.2590
-76.9064291 39.0831636 97.6500
-76.9064291 39.0831636 97.6500
-76.9065188 39.0831634 96.6890
-76.9065188 39.0831634 96.6890
-76.9066119 39.083178 96.3100
-76.9066119 39.083178 96.3100
-76.9066589 39.0831896 96.2100
-76.9067048 39.0832027 96.1100
-76.90675 39.0832173 96.07
-76.9067949 39.0832337 96.0900
-76.9068396 39.0832515 96.0900
-76.9068835 39.0832702 96.0900
-76.9069261 39.0832892 96.1300
-76.9069683 39.0833085 96.1000
-76.9070041 39.0833248 96.0600
-76.9070394 39.0833408 96.0300
-76.9070394 39.0833408 96.0300
-76.9071468 39.0833896 95.8900
-76.9071468 39.0833896 95.8900
-76.9071831 39.0834059 95.9600
-76.9072198 39.0834223 96.1000
-76.9072571 39.0834385 96.2800
-76.9073318 39.0834696 96.7800
-76.9073318 39.0834696 96.7800
-76.9073318 39.0834696 96.7800
-76.9074411 39.0835242 97.3600
-76.90749 39.0835608 97.43
-76.907523 39.083598 97.5490
-76.9075468 39.0836415 97.7700
-76.9075594 39.0836893 98.0300
-76.9075595 39.0837379 98.3400
-76.9075595 39.0837379 98.3400
-76.9075226 39.0838299 99.0090
-76.9075226 39.0838299 99.0090
-76.9074891 39.0838684 99.4000
-76.9074503 39.083902 99.7700
-76.9074076 39.0839313 100.159
-76.9073636 39.083957 100.509
-76.9073192 39.0839797 100.810
-76.907274 39.0840004 101.090
-76.907274 39.0840004 101.090
-76.9071836 39.0840376 101.259
-76.9071378 39.0840544 101.18
-76.9071378 39.0840544 101.18
-76.9070919 39.0840697 101.200
-76.9070453 39.084084 101.210
-76.9069977 39.0840972 101.18
-76.9069506 39.0841091 101.119