
-76.902888 39.0831472 97.6500
-76.902888 39.0831472 97.6500
-76.9029372 39.0831474 97.7990
-76.9029372 39.0831474 97.7990
-76.9030952 39.0831497 97.9090
-76.9031506 39.08315 97.7700
-76.9031506 39.08315 97.7700
-76.9032053 39.0831495 97.57
-76.9032608 39.0831475 97.4200
-76.9032608 39.0831475 97.4200
-76.903316 39.0831443 97.25
-76.9033702 39.0831399 97.18
-76.9033702 39.0831399 97.18
-76.9034671 39.0831293 97.3600
-76.9035114 39.0831244 97.5900
-76.9035114 39.0831244 97.5900
-76.9035564 39.083121 97.93
-76.9035971 39.0831197 98.3290
-76.9036387 39.083121 98.8900
-76.9036801 39.0831246 99.5490
-76.9037215 39.08313 100.280
-76.9037618 39.0831368 101.020
-76.9038013 39.0831445 101.729
-76.903847 39.0831544 102.479
-76.9038912 39.0831655 103.229
-76.9039345 39.0831772 103.920
-76.9039947 39.083196 104.82
-76.9039947 39.083196 104.82
-76.9040533 39.0832164 105.610
-76.9040533 39.0832164 105.610
-76.9040533 39.0832164 105.610
-76.9041572 39.0832535 106.030
-76.9042097 39.0832714 105.890
-76.9042097 39.0832714 105.890
-76.9042507 39.0832848 105.689
-76.9043366 39.0833111 105.229
-76.9043366 39.0833111 105.229
-76.9043814 39.0833237 104.93
-76.9044266 39.0833363 104.579
-76.9044266 39.0833363 104.579
-76.9045171 39.0833607 103.979
-76.9045632 39.0833729 103.759
-76.9046095 39.083385 103.659
-76.9046095 39.083385 103.659
-76.9046555 39.0833968 103.75
-76.9047017 39.0834073 103.840
-76.9047533 39.0834169 103.860
-76.9048044 39.0834238 103.700
-76.9048542 39.0834284 103.340
-76.9049042 39.0834308 102.700
-76.9049042 39.0834308 102.700
-76.9049531 39.08343 102.030
-76.9050028 39.0834265 101.280
-76.9050524 39.0834206 100.57
-76.9051023 39.0834127 99.8400
-76.9051023 39.0834127 99.8400
-76.9051517 39.0834029 99.2200
-76.9051947 39.0833937 98.8100
-76.9052364 39.0833843 98.68
-76.9052784 39.0833744 98.7290
-76.9053201 39.0833641 98.9090
-76.9053602 39.083354 99.07
-76.9054005 39.0833442 99.25
-76.905442 39.0833351 99.4790
-76.905442 39.0833351 99.4790
-76.9054823 39.0833268 99.6100
-76.9055234 39.0833185 99.6890
-76.9055234 39.0833185 99.6890
-76.9056045 39.0833024 99.82
-76.9056453 39.0832946 99.75
-76.9056855 39.083287 99.7700
-76.9056855 39.083287 99.7700
-76.905726 39.0832798 99.7800
-76.905761 39.0832741 99.7100
-76.9057958 39.0832688 99.5300
-76.905865 39.0832587 99.0900
-76.9059002 39.083254 98.8900
-76.9059355 39.0832493 98.8100
-76.9059711 39.0832447 98.7100
-76.9060068 39.0832401 98.7400
-76.906067 39.0832316 98.75
-76.906067 39.0832316 98.75
-76.9061262 39.0832224 98.6000
-76.9061262 39.0832224 98.6000
-76.9061847 39.0832136 98.2990
-76.9061847 39.0832136 98.2990
-76.9062436 39.0832051 97.9600
-76.9062725 39.0832011 97.75
-76.9063018 39.0831976 97.5090
-76.9063312 39.0831951 97.2290
-76.9063312 39.0831951 97.2290
-76.9064588 39.0831997 96.1190
-76.9065078 39.0832088 96.0300
-76.9065078 39.0832088 96.0300
-76.9065574 39.0832209 96.0300
-76.906606 39.083235 96.1400
-76.906654 39.0832505 96.18
-76.9067018 39.0832672 96.2400
-76.9067018 39.0832672 96.2400
-76.9067496 39.0832841 96.2000
-76.9067963 39.0833011 96.2100
-76.9068421 39.0833183 96.2700
-76.9068421 39.0833183 96.2700
-76.9068878 39.0833356 96.2900
-76.9069266 39.0833503 96.2900
-76.9069658 39.0833651 96.2400
-76.9070045 39.0833793 96.2000
-76.9070426 39.083393 96.18
-76.9070813 39.0834066 96.1190
-76.9071196 39.0834196 96.1190
-76.907158 39.0834322 96.1190
-76.907158 39.0834322 96.1190
-76.9071971 39.0834447 96.1500
-76.9072367 39.0834568 96.3500
-76.9072754 39.0834684 96.5900
-76.907314 39.0834821 96.8500
-76.9073516 39.0834986 97.0090
-76.907387 39.083519 97.18
-76.907419 39.083544 97.32
-76.907419 39.083544 97.32
-76.9074467 39.0835743 97.4390
-76.9074786 39.0836341 97.5900
-76.9074786 39.0836341 97.5900
-76.9074881 39.0837007 97.7100
-76.9074839 39.0837357 97.7100
-76.907471 39.083775 97.6500
-76.9074498 39.083812 97.5600
-76.9074498 39.083812 97.5600
-76.9073924 39.0838714 97.4090
-76.9073611 39.0838944 97.3900
-76.9073285 39.0839157 97.2990
-76.9072942 39.0839353 97.2000
-76.9072644 39.0839501 97.1000
-76.9072338 39.0839636 97.0400
-76.9071716 39.0839871 96.9900
-76.9071399 39.0839978 96.9500
-76.9071075 39.0840078 96.8900
-76.9070752 39.0840171 96.8400
-76.907042 39.084026 96.7700
-76.9070085 39.0840347 96.68
-76.9069067 39.0840595 96.4200
-76.9069067 39.0840595 96.4200
-76.9069067 39.0840595 96.4200
-76.9068375 39.084075 96.3600
-76.9068025 39.0840825 96.3690
-76.9067675 39.0840898 96.3900
-76.9066816 39.0841071 96.2800
-76.9066816 39.0841071 96.2800
-76.9066816 39.0841071 96.2800
-76.9065529 39.0841326 95.9000