Static 0.000940558696897 -0.000283895925248 56.8 13.69
Static 0.000812564112908 -0.000333213256504 92.65 11.22
Static 0.000760949660414 -0.000776979406608 53.8 7.4
-4.66844621888e-08 -5.76087514293e-09 100
-4.66844621888e-08 -5.76087514293e-09 100
-4.66844621888e-08 -5.76087514293e-09 100
-4.66844621888e-08 -5.76087514293e-09 100
-4.66844621888e-08 -5.76087514293e-09 100
-4.66844621888e-08 -5.76087514293e-09 100
-4.66844621888e-08 -5.76087514293e-09 100
-4.66844621888e-08 -5.76087514293e-09 100
-4.66844621888e-08 -5.76087514293e-09 100
-4.66844621888e-08 -5.76087514293e-09 100
-4.66844621888e-08 -5.76087514293e-09 100
-4.66844621888e-08 -5.76087514293e-09 100
